date	Infectious_Vectors	Adult_Vectors	New_Infections	Population	Prevalence	New_Diagnostic_Prevalence	Daily_EIR	New_Clinical_Cases_annual_avg_per_1000	Human_Infectious_Reservoir	Daily_Bites_Per_Human	Relative_Humidity	Rainfall	Air_Temperature
20070131	0.0	16908.0	0.0	1496.0	0.151069521904	0.149064168334	0.0	0.0	0.0658008828759	1.59625673294	0.705585896969	0.0	23.6611785889
20070201	0.0	15871.0	0.0	1495.0	0.151839464903	0.149832770228	0.0	0.0	0.0722726583481	1.51772582531	0.571851193905	2.07156913941e-32	24.4058017731
20070202	0.0	16507.0	0.0	1497.0	0.151636600494	0.14963260293	0.0	0.0	0.0489406101406	1.42217767239	0.588847339153	0.0	25.1189231873
20070203	0.0	14784.0	0.0	1496.0	0.151737973094	0.149732619524	0.0	0.0	0.0598160028458	1.51069509983	0.609796285629	0.0	24.7913589478
20070204	0.0	13119.0	0.0	1497.0	0.148964598775	0.148964598775	0.0	0.0	0.0538246892393	1.31396126747	0.50059813261	0.0	24.476392746
20070205	0.0	11412.0	0.0	1496.0	0.149064168334	0.149064168334	0.0	0.0	0.0585318058729	1.21323525906	0.858619809151	0.0	24.2321338654
20070206	0.0	9927.0	0.0	1499.0	0.149432957172	0.149432957172	0.0	0.0	0.101055726409	1.03001999855	0.626788079739	0.0	24.833360672
20070207	0.0	8372.0	0.0	1500.0	0.148666664958	0.148666664958	0.0	0.0	0.0577039942145	0.891333341599	0.66342997551	0.0	25.1423988342
20070208	0.0	7487.0	0.0	1497.0	0.148964598775	0.148964598775	0.0	0.0	0.120440833271	0.740146994591	0.830616652966	0.0	24.7861347198
20070209	0.0	6285.0	0.0	1498.0	0.148865148425	0.148865148425	0.0	0.0	0.0810613781214	0.644859850407	0.828207850456	2.07156913941e-32	24.4629554749
20070210	0.0	5319.0	0.0	1497.0	0.14829659462	0.14829659462	0.0	0.0	0.131313636899	0.59919834137	0.72311425209	0.0	24.7681751251
20070211	0.000225428317208	4436.0	0.0	1494.0	0.147255688906	0.147255688906	0.0	0.0	0.116557955742	0.491967856884	0.847654759884	0.0	23.6182193756
20070212	0.000270562770311	3696.0	0.0	1497.0	0.14829659462	0.147628590465	0.0	0.0	0.129113063216	0.371409475803	0.576234698296	0.0	24.9373493195
20070213	0.000266631104751	30004.0	0.0	1497.0	0.148964598775	0.14829659462	0.0	0.0	0.133735015988	0.323313295841	0.8189676404	0.0	24.8412895203
20070214	0.000288257113425	27753.0	0.0	1496.0	0.147727265954	0.135695189238	0.0	0.0	0.123813167214	2.70721912384	0.795913159847	0.0	25.3100776672
20070215	0.000232527236221	30104.0	0.0	1495.0	0.147826090455	0.13578595221	0.00133779260796	0.0	0.134281218052	2.51304340363	0.800998151302	0.0	24.5853328705
20070216	0.000282057619188	28363.0	2.0	1494.0	0.147255688906	0.103748328984	0.0	0.0	0.12328787148	2.75167346001	0.776993453503	0.0	24.565908432
20070217	0.000369740446331	27046.0	0.0	1498.0	0.148865148425	0.119492657483	0.000667556771077	0.0	0.130039542913	2.58210945129	0.791270196438	0.0	25.2091655731
20070218	0.000425087928306	25877.0	2.0	1497.0	0.14829659462	0.0801603198051	0.000668002699967	0.0	0.1185118258	2.40013360977	0.789843261242	0.0	24.7337875366
20070219	0.000396951421862	25192.0	0.0	1497.0	0.14829659462	0.106880426407	0.0	0.0	0.118079125881	2.3106212616	0.572210729122	0.0	23.0798931122
20070220	0.000454320164863	24212.0	0.0	1494.0	0.149263724685	0.0970548838377	0.0	0.0	0.110912084579	2.30321288109	0.804845869541	0.0	23.2908401489
20070221	0.00034410081571	23249.0	0.0	1496.0	0.149064168334	0.115641713142	0.000668449210934	0.0	0.110525026917	2.2506685257	0.864797472954	0.0	22.8458137512
20070222	0.000354138988769	22590.0	0.0	1495.0	0.149832770228	0.109698995948	0.00133779260796	0.0	0.101088613272	2.12040138245	0.806147456169	0.0	24.1430950165
20070223	0.000455975561636	21931.0	0.0	1493.0	0.15003348887	0.122572004795	0.0	0.0	0.0929872244596	2.03817820549	0.802692532539	0.0	24.3246250153
20070224	0.0004647920141	21515.0	0.0	1493.0	0.15003348887	0.114534497261	0.00066979235271	0.0	0.0794905647635	1.98191559315	0.837328195572	0.0	24.7659111023
20070225	0.000472768530017	21152.0	0.0	1490.0	0.150335565209	0.130201339722	0.00134228193201	0.0	0.069719709456	1.97651004791	0.660518467426	0.0	25.1115493774
20070226	0.000477190304082	20956.0	1.0	1492.0	0.150134041905	0.113270774484	0.0013404826168	0.0	0.0579996183515	1.9839142561	0.768013179302	0.0	26.0023536682
20070227	0.00140694738366	20612.0	1.0	1492.0	0.150134041905	0.133378013968	0.000670241308399	0.0	0.0503003895283	1.87801611423	0.785759925842	0.0	26.0834598541
20070228	0.00171484565362	20410.0	1.0	1493.0	0.150703281164	0.108506366611	0.00401875423267	0.0	0.040119074285	1.9397187233	0.750679671764	0.0	27.0000610352
20070301	0.00218481547199	20139.0	4.0	1493.0	0.151373073459	0.137977227569	0.00401875423267	0.0	0.0364447273314	1.86470198631	0.76218611002	0.0	25.6958255768
20070302	0.00256677623838	24934.0	3.0	1498.0	0.153538048267	0.116154871881	0.00400534039363	0.0	0.0277754757553	1.85380506516	0.745794773102	0.0	26.0058307648
20070303	0.002734917216	24498.0	2.0	1497.0	0.15497662127	0.142284572124	0.00668002711609	0.0	0.0284725334495	2.25517702103	0.800853610039	0.0	25.814994812
20070304	0.0028340080753	24700.0	5.0	1495.0	0.1571906358	0.126421406865	0.00535117043182	0.0	0.0213389210403	2.24347829819	0.762813508511	0.0	25.8830528259
20070305	0.00293473317288	24193.0	3.0	1493.0	0.160750165582	0.147354319692	0.00870730075985	0.0	0.0231832154095	2.2451441288	0.785592615604	0.0	25.639295578
20070306	0.00282310810871	29046.0	14.0	1495.0	0.161872908473	0.131772577763	0.00535117043182	0.0	0.0174935385585	2.18595314026	0.737348616123	0.0	26.1200866699
20070307	0.0024301763624	28393.0	4.0	1495.0	0.171237453818	0.14715719223	0.00869565177709	1.33333333333	0.0181743018329	2.62742471695	0.790079951286	0.0	24.9107284546
20070308	0.00241363164969	27759.0	4.0	1491.0	0.174379616976	0.132796779275	0.00737759936601	0.0	0.0144215207547	2.57545280457	0.572492539883	0.0	25.7287921906
20070309	0.0022722275462	27286.0	6.0	1493.0	0.176155388355	0.148024111986	0.00468854652718	1.33333333333	0.0139553798363	2.53181505203	0.657064914703	0.0	25.4602870941
20070310	0.00186685589142	26783.0	3.0	1495.0	0.179264217615	0.129096984863	0.00602006679401	0.0	0.0110751139	2.49565219879	0.67288351059	0.0	26.0777168274
20070311	0.00151457777247	26410.0	6.0	1493.0	0.180174142122	0.139986604452	0.00535833882168	0.0	0.0100775202736	2.41460156441	0.770453989506	0.0	25.5539741516
20070312	0.00109009293374	31190.0	8.0	1493.0	0.183523103595	0.109176158905	0.00535833882168	0.0	0.00783761963248	2.38780975342	0.611166715622	0.0	24.9337863922
20070313	0.00121758587193	30388.0	6.0	1494.0	0.188755020499	0.1258366853	0.00401606410742	0.0	0.00714652705938	2.87684059143	0.725069820881	0.0	25.3897953033
20070314	0.00111200974789	29676.0	7.0	1495.0	0.191304340959	0.0836120396852	0.00535117043182	0.0	0.00543860858306	2.81137132645	0.579457402229	0.0	25.3889904022
20070315	0.00102648325264	29226.0	6.0	1494.0	0.195448458195	0.106425702572	0.00200803205371	0.0	0.0054416176863	2.68540835381	0.597221374512	0.0	24.9110889435
20070316	0.0014810427092	23632.0	0.0	1495.0	0.199331104755	0.0642140433192	0.0033444815781	0.0	0.0041699600406	2.65351176262	0.683646142483	2.07156913941e-32	25.5684700012
20070317	0.00138970778789	23746.0	3.0	1497.0	0.198396787047	0.0948563814163	0.00334001332521	0.666666666667	0.00456651486456	2.17835664749	0.722191214561	300.0	25.536989212
20070318	0.00112174998503	24961.0	3.0	1495.0	0.200668901205	0.0648829415441	0.00200668885373	1.33333333333	0.00368888536468	2.154515028	0.774487912655	0.0	24.8365726471
20070319	0.00095526187215	25124.0	2.0	1495.0	0.202006682754	0.098327755928	0.00200668885373	1.33333333333	0.00438236072659	2.21471571922	0.67407900095	0.0	25.2816162109
20070320	0.000748503021896	25384.0	0.0	1495.0	0.203344479203	0.0769230797887	0.0033444815781	1.33333333333	0.00367348617874	2.30033445358	0.675088703632	0.0	25.5861034393
20070321	0.000632986484561	25277.0	5.0	1497.0	0.203072816133	0.105544425547	0.00200400804169	3.33333333333	0.00371111091226	2.34669327736	0.734747409821	0.0	24.7415275574
20070322	0.000608226284385	26306.0	1.0	1498.0	0.20560747385	0.0761014670134	0.00133511354215	1.33333333333	0.00313825230114	2.25567436218	0.739519655704	2.07156913941e-32	24.3035907745
20070323	0.000417520699557	26346.0	1.0	1499.0	0.206137418747	0.108072049916	0.000667111424264	6.0	0.00292220991105	2.39026021957	0.719813525677	0.0	24.410982132
20070324	0.000381271936931	26228.0	1.0	1499.0	0.206804543734	0.0833889245987	0.000667111424264	2.66666666667	0.00246449653059	2.3242161274	0.733381509781	0.0	24.6042194366
20070325	0.000306901434669	26067.0	0.0	1498.0	0.20560747385	0.106141522527	0.00133511354215	7.33333333333	0.00304657057859	2.37917208672	0.7528886199	0.0	24.6850719452
20070326	0.00023018491629	26066.0	0.0	1497.0	0.205744817853	0.0881763547659	0.0	2.66666666667	0.00218940596096	2.42484974861	0.762083172798	0.0	23.3764476776
20070327	0.000191153420019	26157.0	0.0	1498.0	0.20560747385	0.1134846434	0.00133511354215	2.0	0.00325028877705	2.33845114708	0.761372447014	37.515296936	23.4091854095
20070328	0.000285619084025	21007.0	1.0	1499.0	0.205470308661	0.0913942605257	0.0	2.66666666667	0.00240976759233	2.39893269539	0.768600106239	0.0	23.9327278137
20070329	0.000267355848337	22442.0	0.0	1499.0	0.206137418747	0.120747163892	0.0	2.0	0.00380812981166	1.9166110754	0.762454032898	0.0	24.5913257599
20070330	0.000173611115315	23040.0	0.0	1498.0	0.206275030971	0.100133508444	0.0	3.33333333333	0.00329603510909	2.04072093964	0.722635149956	0.0	25.314453125
20070331	0.000215174077312	23237.0	0.0	1499.0	0.206804543734	0.130753830075	0.000667111424264	5.33333333333	0.00444266619161	2.05937290192	0.581948578358	0.0	24.2039356232
20070401	0.000256038241787	23434.0	0.0	1501.0	0.205862760544	0.105929382145	0.0	3.33333333333	0.00401970837265	2.0812792778	0.575718104839	0.0	24.5765018463
20070402	0.000220526620978	22673.0	0.0	1499.0	0.205470308661	0.134756505489	0.000667111424264	5.33333333333	0.00516089471057	2.1574382782	0.613206446171	0.0	24.5230560303
20070403	0.000262708519585	22839.0	0.0	1494.0	0.204149931669	0.104417674243	0.0	2.66666666667	0.00566224381328	2.08500671387	0.634080529213	0.0	24.7761077881
20070404	0.000172980449861	23124.0	0.0	1493.0	0.202947080135	0.133958473802	0.0	0.0	0.00763903651386	2.001339674	0.692951142788	0.0	24.6158084869
20070405	8.0863625044e-05	24733.0	0.0	1493.0	0.202947080135	0.111855328083	0.0	4.0	0.00946910772473	2.11989283562	0.655850887299	0.0	25.414182663
20070406	8.10011770227e-05	24691.0	0.0	1494.0	0.201472550631	0.142570286989	0.000669344037306	0.666666666667	0.0108832130209	2.23828649521	0.736993193626	0.0	25.7535591125
20070407	8.14067097963e-05	24568.0	2.0	1493.0	0.201607495546	0.11587408185	0.0	1.33333333333	0.0123595958576	2.20964503288	0.748946487904	0.0	25.412689209
20070408	4.0630588046e-05	24612.0	0.0	1492.0	0.202412873507	0.14477211237	0.0	2.0	0.0128080686554	2.21447730064	0.728295624256	0.0	26.0781002045
20070409	4.08914347645e-05	24455.0	0.0	1496.0	0.199866309762	0.120989307761	0.0	0.666666666667	0.0138803990558	2.21323513985	0.749731183052	0.0	26.1079959869
20070410	4.12796689488e-05	24225.0	0.0	1495.0	0.199331104755	0.149163886905	0.0	0.666666666667	0.016692109406	2.27424764633	0.71819549799	0.0	25.9080066681
20070411	4.16337061324e-05	24019.0	0.0	1495.0	0.198662206531	0.121070235968	0.0	0.666666666667	0.0172785483301	2.28026747704	0.734463453293	0.0	26.4472351074
20070412	4.15990689362e-05	24039.0	0.0	1495.0	0.195986628532	0.150501668453	0.0	0.666666666667	0.0236711557955	2.16789293289	0.683453917503	0.0	26.3274517059
20070413	7.15154092177e-05	27966.0	0.0	1495.0	0.195317730308	0.11438126862	0.0	0.0	0.0212276931852	2.26153850555	0.727255702019	0.0	26.2387733459
20070414	0.000106590865471	28145.0	0.0	1497.0	0.193720772862	0.14829659462	0.0	0.0	0.0275598373264	2.54108214378	0.734517097473	0.0	26.2927646637
20070415	0.00010725393804	27971.0	0.0	1497.0	0.195056781173	0.116232462227	0.0	0.666666666667	0.0274783447385	2.56980609894	0.743167817593	0.0	26.0944252014
20070416	0.000216192842345	27753.0	0.0	1491.0	0.194500342011	0.155600264668	0.0	0.0	0.0299945622683	2.65928912163	0.743273615837	0.0	26.2364864349
20070417	0.000255847960943	27360.0	0.0	1489.0	0.19476158917	0.121558092535	0.000671591667924	0.0	0.0318108387291	2.54264616966	0.789104223251	0.0	25.3697547913
20070418	0.000308699149173	32394.0	0.0	1491.0	0.194500342011	0.150905430317	0.000670690787956	0.0	0.0329529829323	2.51576113701	0.785310924053	0.0	24.9328746796
20070419	0.000347606255673	31645.0	0.0	1493.0	0.194239780307	0.128600135446	0.0	0.0	0.0346796289086	2.9169459343	0.711917340755	0.0	26.5200099945
20070420	0.000381521647796	31453.0	0.0	1490.0	0.193959727883	0.148322150111	0.000671140966006	0.0	0.0360461883247	2.90939617157	0.690406620502	0.0	26.9425125122
20070421	0.000387184205465	30993.0	0.0	1488.0	0.194220423698	0.118951611221	0.000672043010127	0.0	0.0372343584895	2.95161294937	0.743402481079	0.0	25.8673686981
20070422	0.000394321774365	30432.0	1.0	1487.0	0.194351047277	0.141896441579	0.000672494934406	0.0	0.0379172079265	2.83725619316	0.835121095181	0.0	23.7216777802
20070423	0.000365715794032	30078.0	0.0	1489.0	0.19476158917	0.110141031444	0.00134318333585	0.0	0.0383090488613	2.82874417305	0.687603533268	0.0	24.7350215912
20070424	0.000433362234617	29998.0	2.0	1487.0	0.194351047277	0.133154004812	0.0	0.666666666667	0.0377932973206	2.78345680237	0.701840281487	0.0	24.443271637
20070425	0.000469043152407	29848.0	0.0	1489.0	0.195433169603	0.103425115347	0.00134318333585	0.666666666667	0.0379486493766	2.77300190926	0.73822081089	0.0	24.5874614716
20070426	0.000508871336933	29477.0	4.0	1490.0	0.195302009583	0.123489931226	0.0020134227816	0.0	0.0363049022853	2.6724832058	0.751395344734	0.0	24.9026012421
20070427	0.000631685310509	23746.0	3.0	1489.0	0.197447955608	0.0960376113653	0.00134318333585	0.0	0.0370347201824	2.74949622154	0.793806254864	0.0	25.3228206635
20070428	0.000908565300051	24214.0	1.0	1488.0	0.197580650449	0.12096773833	0.0	0.0	0.034573212266	2.18817210197	0.719606041908	0.0	26.0802688599
20070429	0.000747825426515	25407.0	0.0	1490.0	0.197986572981	0.0859060436487	0.00134228193201	0.0	0.0350438132882	2.181879282	0.764421641827	0.0	25.8147468567
20070430	0.000857867009472	25645.0	0.0	1491.0	0.197853788733	0.114017434418	0.00201207236387	0.0	0.0323082320392	2.3420522213	0.695926070213	0.0	26.1468334198
20070501	0.00107854092494	25961.0	2.0	1486.0	0.19784656167	0.0794078037143	0.0	0.0	0.0316549576819	2.38088822365	0.73718380928	0.0	25.8186912537
20070502	0.0011906591244	26036.0	0.0	1485.0	0.198653191328	0.101010099053	0.00404040375724	0.0	0.0293732378632	2.3851852417	0.754201114178	0.0	25.2028751373
20070503	0.00129949545953	26164.0	2.0	1483.0	0.198921099305	0.0829399898648	0.000674308859743	0.0	0.0278825182468	2.40660834312	0.809235870838	0.0	25.6576957703
20070504	0.00149793573655	27371.0	1.0	1487.0	0.201075986028	0.102219231427	0.00201748474501	0.0	0.026115315035	2.42434430122	0.739803552628	0.0	25.8230285645
20070505	0.00146113382652	27376.0	0.0	1486.0	0.201884254813	0.0814266502857	0.00403768522665	0.0	0.0236648339778	2.51211309433	0.81434905529	0.0	25.2702884674
20070506	0.00157746067271	27259.0	5.0	1486.0	0.201884254813	0.109017498791	0.00471063284203	0.0	0.0219612475485	2.46837162971	0.849799990654	0.0	24.6097354889
20070507	0.00158315233421	27161.0	8.0	1486.0	0.205248996615	0.0868102312088	0.00471063284203	0.0	0.0199814159423	2.52826356888	0.814180552959	0.0	25.198469162
20070508	0.00154610711616	27165.0	3.0	1486.0	0.208613723516	0.111036337912	0.00336473761126	0.0	0.0184037517756	2.42866754532	0.780689418316	0.0	25.5540390015
20070509	0.00133501447272	26966.0	3.0	1487.0	0.20914593339	0.0793544054031	0.00403496995568	0.0	0.0166878160089	2.46738386154	0.874547660351	0.0	23.1082458496
20070510	0.00111082312651	27007.0	4.0	1488.0	0.211021512747	0.110887095332	0.00403225794435	0.0	0.0158416517079	2.44489240646	0.860493123531	19.7887878418	24.3559436798
20070511	0.00107371620834	27009.0	3.0	1486.0	0.21399730444	0.0895020216703	0.00403768476099	0.666666666667	0.0139597123489	2.43270516396	0.869893014431	0.0	25.1450462341
20070512	0.00100498774555	26866.0	6.0	1488.0	0.215053766966	0.112903222442	0.00201612897217	0.0	0.0130775962025	2.48857522011	0.838164150715	0.0	25.7812004089
20070513	0.000936110445764	25638.0	3.0	1484.0	0.219002693892	0.0936657711864	0.0020215632394	1.33333333333	0.0113256815821	2.46428561211	0.862390398979	0.0	25.6027107239
20070514	0.00108108110726	25900.0	0.0	1486.0	0.221399724483	0.117092870176	0.00471063237637	0.666666666667	0.0105032101274	2.36069989204	0.744304060936	0.0	26.2196464539
20070515	0.000996359507553	26095.0	5.0	1488.0	0.221102148294	0.0994623675942	0.00336021510884	2.0	0.00876406021416	2.31182789803	0.760719835758	0.0	25.6839141846
20070516	0.000881563813891	26090.0	1.0	1489.0	0.223640024662	0.126259237528	0.0	2.66666666667	0.00839488022029	2.40765619278	0.828463315964	0.0	25.2313156128
20070517	0.000726827594917	26141.0	0.0	1492.0	0.224530830979	0.0978552252054	0.00201072404161	0.0	0.00718383165076	2.37131357193	0.728647470474	0.0	26.3124523163
20070518	0.000763504474889	26195.0	4.0	1491.0	0.22401073575	0.132126092911	0.00134138157591	0.0	0.00709783099592	2.37491607666	0.744686603546	0.0	25.8893642426
20070519	0.000764496799093	26161.0	1.0	1492.0	0.225871309638	0.109919570386	0.0	0.666666666667	0.00624937238172	2.3746650219	0.809629142284	83.810043335	26.4988021851
20070520	0.000676259514876	26617.0	0.0	1490.0	0.224832221866	0.134899333119	0.0020134227816	0.666666666667	0.00587443029508	2.36308717728	0.750825107098	0.0	26.1253547668
20070521	0.000753267318942	26551.0	1.0	1488.0	0.225134402514	0.108198925853	0.00201612897217	0.0	0.00515601411462	2.4173386097	0.776770114899	0.0	26.1704730988
20070522	0.000679732649587	26481.0	2.0	1491.0	0.226022809744	0.142857149243	0.00134138157591	2.0	0.004778127186	2.42320585251	0.841632068157	0.0	25.3487472534
20070523	0.00060290901456	26538.0	0.0	1491.0	0.226022809744	0.112676054239	0.000670690787956	0.0	0.00419224705547	2.45070409775	0.84803211689	0.0	24.5516433716
20070524	0.000604663451668	26461.0	1.0	1490.0	0.226174503565	0.138926178217	0.00134228193201	4.0	0.00397626077756	2.39127516747	0.847259819508	0.0	24.5479850769
20070525	0.000603955937549	26492.0	1.0	1491.0	0.226693496108	0.109322600067	0.00134138157591	2.0	0.00382074224763	2.44869208336	0.791345536709	0.0	25.3288345337
20070526	0.000567902170587	26413.0	3.0	1495.0	0.226755857468	0.137792646885	0.0033444815781	3.33333333333	0.00459011923522	2.46822762489	0.802209556103	0.0	24.790435791
20070527	0.000453806307632	26443.0	2.0	1494.0	0.227576971054	0.114457830787	0.000669344037306	2.66666666667	0.00512825651094	2.38420343399	0.908596992493	57.3040847778	23.8312034607
20070528	0.000447277212515	26829.0	1.0	1493.0	0.228399202228	0.143335565925	0.00133958470542	1.33333333333	0.00586509378627	2.38446092606	0.834215700626	242.695922852	23.8382053375
20070529	0.000336725526722	26728.0	0.0	1494.0	0.228915661573	0.118473894894	0.000669344037306	2.0	0.00527853472158	2.46787142754	0.868645071983	0.0	24.6562366486
20070530	0.000225106923608	26654.0	1.0	1493.0	0.228399202228	0.145344942808	0.00066979235271	2.66666666667	0.00525248190388	2.42799735069	0.811242222786	0.0	24.4856033325
20070531	0.000187518759049	26664.0	1.0	1492.0	0.229222521186	0.109249331057	0.0	4.0	0.00529966969043	2.43029499054	0.839963138103	141.114135742	24.5701313019
20070601	0.000188139674719	26576.0	0.0	1491.0	0.23004694283	0.138833001256	0.0	1.33333333333	0.00498070148751	2.44399738312	0.93694704771	300.0	24.9401302338
20070602	0.000151854517753	26341.0	0.0	1490.0	0.229530200362	0.107382550836	0.000671140966006	1.33333333333	0.00621605152264	2.44228172302	0.863831698895	0.0	25.6694602966
20070603	0.00015126875951	26443.0	1.0	1490.0	0.228859066963	0.138255029917	0.0	1.33333333333	0.00580025883391	2.38255047798	0.862165689468	0.0	25.7936344147
20070604	0.000151303102029	26437.0	0.0	1492.0	0.229222521186	0.116621986032	0.000670241308399	0.666666666667	0.00731199746951	2.44302940369	0.721055626869	0.0	26.3441925049
20070605	0.000187539859326	26661.0	1.0	1490.0	0.228859066963	0.128187924623	0.000671140966006	1.33333333333	0.00817812141031	2.38657712936	0.710128128529	0.0	26.7241611481
20070606	0.000147183280205	27177.0	1.0	1489.0	0.22901275754	0.103425115347	0.000671591667924	0.666666666667	0.0103597575799	2.4237742424	0.706821858883	0.0	26.3149299622
20070607	0.000147852450027	27054.0	1.0	1491.0	0.228034868836	0.131455391645	0.00134138157591	0.666666666667	0.0109084034339	2.52850437164	0.735368967056	0.0	25.8788776398
20070608	0.000148362451	26961.0	1.0	1492.0	0.227211803198	0.101876676083	0.0013404826168	0.0	0.0111607145518	2.46648788452	0.752376437187	0.0	25.2570590973
20070609	3.73845759896e-05	26749.0	1.0	1493.0	0.229068994522	0.131949096918	0.00066979235271	0.666666666667	0.0121226534247	2.4755525589	0.771703779697	2.07156913941e-32	25.0751895905
20070610	7.45906800148e-05	26813.0	0.0	1492.0	0.227882042527	0.108579091728	0.0	2.0	0.0124765345827	2.4571044445	0.830143213272	0.0	24.6116638184
20070611	0.000112170499051	26745.0	0.0	1490.0	0.227516785264	0.127516776323	0.0	0.0	0.0138147650287	2.41006708145	0.790017008781	300.0	24.6028594971
20070612	7.49119790271e-05	26698.0	0.0	1495.0	0.224749162793	0.106354512274	0.000668896303978	0.0	0.014975739643	2.46688961983	0.814822733402	0.0	24.5741500854
20070613	7.51230109017e-05	26623.0	0.0	1494.0	0.224230259657	0.130522087216	0.000669344037306	1.33333333333	0.0155939478427	2.40093708038	0.878979921341	0.0	24.15675354
20070614	0.000111350309453	26942.0	1.0	1494.0	0.223560914397	0.102409638464	0.0	2.0	0.0158247258514	2.51271772385	0.840346992016	141.114135742	25.7697792053
20070615	7.03927944414e-05	28412.0	0.0	1491.0	0.223340034485	0.130784705281	0.00134138157591	0.666666666667	0.0167586132884	2.42723011971	0.857484340668	0.0	25.8712005615
20070616	0.000106085790321	28279.0	1.0	1490.0	0.221476510167	0.0979865789413	0.0	0.666666666667	0.0173314921558	2.55973148346	0.809637188911	0.0	26.6024913788
20070617	7.11313405191e-05	28117.0	0.0	1488.0	0.222446233034	0.12432795763	0.0	0.0	0.0184393692762	2.56384396553	0.807376801968	0.0	26.3337936401
20070618	0.000174660279299	28627.0	0.0	1487.0	0.222595825791	0.0981842651963	0.0	0.666666666667	0.0184966661036	2.62878274918	0.62958753109	0.0	26.7584018707
20070619	0.000166090889252	30104.0	0.0	1488.0	0.222446233034	0.12567204237	0.000672043010127	0.666666666667	0.0194213166833	2.6229839325	0.603508234024	2.07156913941e-32	26.4907970428
20070620	0.000235262486967	29754.0	0.0	1492.0	0.221849858761	0.0951742604375	0.000670241308399	0.0	0.0183252245188	2.73190355301	0.832023203373	0.0	25.907087326
20070621	0.000169393912074	29517.0	0.0	1493.0	0.221701279283	0.127260550857	0.00066979235271	0.666666666667	0.0198029242456	2.65103816986	0.860839664936	0.0	25.8682441711
20070622	0.00020602272707	29123.0	0.0	1491.0	0.220657274127	0.105969145894	0.0	0.0	0.0188856013119	2.7183098793	0.837827682495	0.0	26.3747329712
20070623	0.000243664719164	28728.0	0.0	1489.0	0.220282062888	0.128274008632	0.0	0.0	0.0200449246913	2.60308933258	0.69170320034	0.0	26.7738990784
20070624	0.00024523542379	28544.0	0.0	1490.0	0.220805361867	0.106711409986	0.0020134227816	0.666666666667	0.0203809067607	2.66845631599	0.797433018684	0.0	26.3507442474
20070625	0.00020663595933	33876.0	0.0	1489.0	0.220953658223	0.129617199302	0.000671591667924	0.666666666667	0.0209606774151	2.64674282074	0.712918877602	0.0	25.8463802338
20070626	0.000358572870027	33466.0	0.0	1491.0	0.220657274127	0.109993293881	0.000670690787956	0.0	0.0216378960758	3.08048295975	0.791839063168	242.695922852	26.2172908783
20070627	0.000274825957604	32748.0	0.0	1491.0	0.220657274127	0.138162299991	0.00134138157591	1.33333333333	0.0210237391293	3.05432605743	0.861005663872	216.189956665	25.4306907654
20070628	0.000407284562243	34374.0	0.0	1487.0	0.219233348966	0.110961668193	0.0	0.666666666667	0.0210818573833	3.05043697357	0.815220832825	0.0	25.760887146
20070629	0.000415825110395	33668.0	0.0	1489.0	0.218938887119	0.138347879052	0.0	0.0	0.0196285285056	3.17259883881	0.836658239365	0.0	26.084526062
20070630	0.000389980501495	33335.0	0.0	1491.0	0.218645200133	0.116029508412	0.000670690787956	0.0	0.0193996336311	3.15224695206	0.866378903389	0.0	26.112285614
20070701	0.00038704299368	33588.0	1.0	1490.0	0.218120798469	0.137583896518	0.00134228193201	0.0	0.0191091876477	3.08926153183	0.65258961916	83.810043335	26.5405426025
20070702	0.000544662296306	33048.0	0.0	1492.0	0.219168901443	0.111930295825	0.0	0.0	0.0194607377052	2.99463796616	0.669346451759	0.0	26.687707901
20070703	0.00060736737214	32929.0	0.0	1489.0	0.218267291784	0.135661512613	0.00134318333585	0.666666666667	0.0190013777465	2.99328422546	0.804198265076	0.0	26.4074993134
20070704	0.000698281626683	32938.0	1.0	1485.0	0.218181818724	0.111111111939	0.00067340064561	0.666666666667	0.0179930347949	3.0417509079	0.816030442715	0.0	26.4275474548
20070705	0.000775001535658	32258.0	0.0	1487.0	0.219233348966	0.139878943563	0.00134498986881	0.0	0.0180719457567	3.00403499603	0.843967676163	0.0	26.0997524261
20070706	0.000718076829799	32030.0	0.0	1487.0	0.218560859561	0.117686614394	0.000672494934406	0.0	0.0167669449002	3.06859445572	0.873408019543	0.0	26.0392589569
20070707	0.000630894908682	31701.0	0.0	1485.0	0.218855217099	0.136026933789	0.00336700328626	0.0	0.0169805027544	2.98451161385	0.823481798172	0.0	26.1125984192
20070708	0.000605423294473	31383.0	4.0	1486.0	0.219380885363	0.114401079714	0.0	0.0	0.0158643405885	2.88761758804	0.835744798183	2.21090381558e-08	25.8893241882
20070709	0.000609169597737	31190.0	0.0	1485.0	0.221548825502	0.138047143817	0.00202020187862	0.0	0.0160181261599	2.92929291725	0.848035931587	0.0	26.346031189
20070710	0.000496308726724	32238.0	2.0	1483.0	0.221847608685	0.111935265362	0.00269723543897	0.0	0.0150838186964	2.83209705353	0.793846607208	0.0	27.1036071777
20070711	0.000624687643722	32016.0	3.0	1483.0	0.223196223378	0.128792986274	0.00269723543897	0.0	0.0142194833606	2.95819282532	0.836669564247	300.0	26.0979442596
20070712	0.000629108864814	31791.0	1.0	1484.0	0.223045825958	0.0997304618359	0.000673854432534	0.0	0.0137766292319	2.90970349312	0.887784719467	0.0	25.7480735779
20070713	0.000680050870869	33821.0	2.0	1484.0	0.223719671369	0.123989216983	0.0020215632394	0.0	0.0128014283255	2.87466311455	0.888570606709	0.0	26.6039733887
20070714	0.000457051442936	35007.0	3.0	1490.0	0.224832221866	0.095302015543	0.0020134227816	0.0	0.012608175166	3.07650995255	0.825450003147	0.0	26.6721477509
20070715	0.000347805937054	34502.0	1.0	1488.0	0.226478487253	0.12567204237	0.00336021510884	0.0	0.01169577986	3.18884396553	0.811922550201	262.484710693	26.4739646912
20070716	0.000379329459975	34271.0	4.0	1487.0	0.226630806923	0.0934768021107	0.0	0.0	0.0116767780855	3.17955613136	0.852266311646	280.211212158	26.241853714
20070717	0.000501919130329	33870.0	0.0	1485.0	0.226262629032	0.12659932673	0.00067340064561	0.0	0.0106878355145	3.11919188499	0.906969606876	141.114135742	24.7897205353
20070718	0.000354076299118	33891.0	3.0	1484.0	0.226415097713	0.0929919108748	0.0020215632394	0.0	0.0106385191903	3.07884097099	0.868380248547	0.0	25.1754837036
20070719	0.00038904682151	33415.0	6.0	1485.0	0.228282824159	0.112457916141	0.00067340064561	0.666666666667	0.00961432233453	3.14680147171	0.833709061146	300.0	25.6846866608
20070720	0.000303103792248	32992.0	0.0	1483.0	0.229939311743	0.0923803076148	0.00134861771949	0.0	0.00923663564026	3.01955485344	0.880700588226	19.7887878418	25.6315689087
20070721	0.000458701571915	32701.0	1.0	1483.0	0.229939311743	0.113283887506	0.000674308859743	0.0	0.0087819006294	2.99932575226	0.879831373692	0.0	25.5405788422
20070722	0.000464008422568	32327.0	1.0	1483.0	0.230613619089	0.0896830782294	0.000674308859743	0.666666666667	0.00810723379254	2.88469314575	0.832054376602	0.0	26.1336174011
20070723	0.000498473411426	32098.0	1.0	1484.0	0.230458214879	0.112533695996	0.00134770886507	0.0	0.007941913791	2.97304582596	0.898320436478	0.0	25.7153682709
20070724	0.000437349663116	32011.0	0.0	1482.0	0.230094462633	0.0991902798414	0.00269905524328	0.0	0.00700382748619	2.98245620728	0.888510704041	37.515296936	26.2436180115
20070725	0.000373878370738	32096.0	2.0	1480.0	0.229729726911	0.112837836146	0.000675675692037	0.0	0.0072207194753	2.96013522148	0.836315095425	5.22026999406e-09	26.6972980499
20070726	0.000406580336858	31974.0	2.0	1481.0	0.230925053358	0.0884537473321	0.000675219460391	2.0	0.00635280320421	2.94935846329	0.820047259331	280.211212158	26.5764732361
20070727	0.000473410123959	31685.0	0.0	1481.0	0.232275485992	0.115462526679	0.00337609718554	0.666666666667	0.00657453853637	2.95948696136	0.851837277412	19.7887878418	26.1755943298
20070728	0.000440878240624	34023.0	1.0	1483.0	0.231962233782	0.0950775444508	0.00202292646281	0.0	0.00587560096756	2.97302770615	0.834049701691	300.0	26.2051181793
20070729	0.000438199291239	34231.0	3.0	1486.0	0.233512789011	0.115746974945	0.00067294749897	2.0	0.00591839104891	3.16083431244	0.815652549267	0.0	25.9176464081
20070730	0.000384115352063	33844.0	1.0	1485.0	0.234343439341	0.100336700678	0.00134680129122	2.0	0.0052524311468	3.10976433754	0.783828139305	0.0	26.1371917725
20070731	0.000326991663314	33640.0	1.0	1484.0	0.234501346946	0.123989216983	0.00134770886507	0.666666666667	0.00513296434656	3.12062001228	0.856388509274	300.0	26.2283706665
20070801	0.000284486915916	35151.0	1.0	1487.0	0.234028249979	0.0995292514563	0.0	2.0	0.00480721984059	3.06119704247	0.83643758297	300.0	26.5054798126
20070802	0.000218043060158	36690.0	0.0	1486.0	0.234185740352	0.125841185451	0.00067294749897	0.666666666667	0.00445417035371	3.26244950294	0.813956141472	300.0	26.6627540588
20070803	0.000214851621422	37235.0	0.0	1486.0	0.233512789011	0.0975773856044	0.00067294749897	1.33333333333	0.00400294410065	3.40040397644	0.830073416233	2.07156913941e-32	26.8957080841
20070804	0.0002739050542	36509.0	0.0	1484.0	0.233153641224	0.131401613355	0.0	1.33333333333	0.00384471262805	3.47169828415	0.819271028042	0.0	27.2323818207
20070805	0.000237780710449	37850.0	0.0	1486.0	0.233512789011	0.104979813099	0.00201884261332	0.0	0.00351062137634	3.37213993073	0.84565705061	0.0	26.6437187195
20070806	0.000134734567837	37110.0	2.0	1486.0	0.234858676791	0.126514136791	0.0	4.0	0.00340041005984	3.45558547974	0.851763904095	178.6746521	26.1107616425
20070807	0.000109610060463	36493.0	0.0	1487.0	0.234700739384	0.106254205108	0.000672494934406	2.0	0.00403082743287	3.44182920456	0.842428445816	242.695922852	26.1425094604
20070808	0.000110950852104	36052.0	0.0	1486.0	0.234185740352	0.135935395956	0.00134589499794	0.0	0.00378433684818	3.35935401917	0.897624492645	141.114135742	24.9343166351
20070809	8.36073813844e-05	35882.0	1.0	1486.0	0.234185740352	0.108344547451	0.00067294749897	2.0	0.00431551830843	3.39098238945	0.86540055275	0.0	25.1594028473
20070810	5.59785039513e-05	35728.0	0.0	1484.0	0.234501346946	0.1340970397	0.0	0.666666666667	0.00438661081716	3.31940698624	0.927275002003	0.0	24.7143688202
20070811	5.64812216908e-05	35410.0	0.0	1483.0	0.233985170722	0.113283887506	0.00134861771949	0.0	0.00516151031479	3.2339849472	0.960614323616	0.0	24.0085258484
20070812	2.67165378318e-05	37430.0	0.0	1485.0	0.232323229313	0.138720542192	0.00067340064561	0.0	0.0058537023142	3.30370354652	0.887674212456	0.0	26.0970363617
20070813	8.12171711004e-05	36938.0	0.0	1484.0	0.232479780912	0.11522910744	0.0	2.66666666667	0.00553004443645	3.42250680923	0.816034495831	0.0	26.3816318512
20070814	5.1992617955e-05	38467.0	0.0	1485.0	0.232323229313	0.138720542192	0.0	0.0	0.00697996141389	3.32996630669	0.823351264	0.0	26.0963611603
20070815	5.27829834027e-05	37891.0	0.0	1486.0	0.23216688633	0.10767160356	0.00067294749897	0.666666666667	0.00657653762028	3.52893686295	0.828119337559	0.0	26.232416153
20070816	2.67558534688e-05	37375.0	0.0	1483.0	0.231287926435	0.138907626271	0.000674308859743	0.666666666667	0.00843201391399	3.51449751854	0.849060475826	196.401168823	26.0379505157
20070817	2.54887472693e-05	39233.0	1.0	1484.0	0.231132075191	0.11522910744	0.0	1.33333333333	0.00860510393977	3.42250680923	0.833850741386	0.0	27.0481147766
20070818	0.0	40766.0	0.0	1482.0	0.230769231915	0.134952768683	0.0	0.0	0.00956286396831	3.6268556118	0.89237678051	0.0	24.4584903717
20070819	2.40101799136e-05	41649.0	0.0	1479.0	0.231237322092	0.118323192	0.0	0.0	0.0109242238104	3.72616624832	0.923939824104	7.81507059549e-19	24.1046638489
20070820	4.89404410473e-05	40866.0	0.0	1481.0	0.231600269675	0.143821746111	0.000675219460391	1.33333333333	0.0118800038472	3.87778520584	0.872025251389	37.515296936	24.9635314941
20070821	6.08328009548e-05	32877.0	0.0	1481.0	0.231600269675	0.122214719653	0.0	0.0	0.0127282217145	3.81161379814	0.88863670826	0.0	25.561630249
20070822	9.13798357942e-05	32830.0	0.0	1479.0	0.231237322092	0.135226503015	0.0	0.0	0.013950239867	3.0480055809	0.912026405334	300.0	25.27318573
20070823	0.000152662440087	32752.0	0.0	1478.0	0.230717182159	0.106901220977	0.000676589959767	0.0	0.0128963040188	3.05886316299	0.855192482471	0.0	25.7989749908
20070824	0.000118708449008	33696.0	0.0	1481.0	0.230925053358	0.133018225431	0.000675219460391	1.33333333333	0.0142791653052	3.00742745399	0.884864270687	3.91002501487e-08	25.5283241272
20070825	0.000142588265589	35066.0	0.0	1480.0	0.229054048657	0.109459459782	0.0	0.0	0.0146611621603	3.09527039528	0.848866760731	0.0	25.5513839722
20070826	8.41278742882e-05	35660.0	0.0	1479.0	0.229208931327	0.130493581295	0.0	0.0	0.0154511854053	3.20283961296	0.870517730713	83.810043335	25.1032714844
20070827	8.48536292324e-05	35355.0	0.0	1478.0	0.228010818362	0.103518269956	0.0	0.0	0.0161725468934	3.28349113464	0.915368914604	141.114135742	24.4134731293
20070828	0.000110935463454	36057.0	0.0	1482.0	0.227395415306	0.124156542122	0.000674763810821	0.666666666667	0.0159313641489	3.28272604942	0.85383617878	0.0	24.7727470398
20070829	0.000139559546369	35827.0	0.0	1483.0	0.227242082357	0.103843562305	0.0	0.0	0.0164540018886	3.31085634232	0.888160467148	280.211212158	25.0033435822
20070830	0.000112220848678	35644.0	0.0	1484.0	0.227088943124	0.118598379195	0.000673854432534	0.0	0.0161287616938	3.31940698624	0.88736307621	262.484710693	24.983537674
20070831	0.000285779620754	34992.0	0.0	1479.0	0.227180525661	0.103448279202	0.0	0.0	0.0160568784922	3.29952669144	0.886533915997	57.3040847778	25.1659965515
20070901	0.00029037692002	34438.0	0.0	1482.0	0.226720646024	0.120782725513	0.00134952762164	0.0	0.0168293435127	3.27058029175	0.891881346703	158.885864258	25.3876094818
20070902	0.000201607093913	34721.0	0.0	1484.0	0.226415097713	0.0943396240473	0.000673854432534	0.0	0.0156165324152	3.12668466568	0.884999513626	0.0	25.0563812256
20070903	0.000221766371396	36074.0	0.0	1483.0	0.226567775011	0.111260958016	0.000674308859743	0.0	0.016216205433	3.2204990387	0.861143767834	0.0	25.3458023071
20070904	0.000307752576191	35743.0	2.0	1481.0	0.225523293018	0.0918298438191	0.000675219460391	0.0	0.0146174766123	3.38082385063	0.862348973751	2.07156913941e-32	25.0164165497
20070905	0.000339462509146	35350.0	0.0	1482.0	0.227395415306	0.116059377789	0.00337381917052	0.666666666667	0.0151969585568	3.37246966362	0.825130879879	0.0	25.687746048
20070906	0.000355071591912	33796.0	1.0	1480.0	0.226351350546	0.0986486449838	0.0	0.0	0.0141945648938	3.26418924332	0.842762589455	0.0	25.452041626
20070907	0.000505335745402	33641.0	0.0	1483.0	0.227916389704	0.112609572709	0.000674308859743	0.0	0.0144506040961	3.08024287224	0.853306591511	2.48626577104e-08	25.4794902802
20070908	0.000478683621623	33425.0	0.0	1481.0	0.228224173188	0.103983797133	0.00202565826476	0.0	0.0136620076373	3.06211996078	0.835335850716	0.0	25.6019592285
20070909	0.000568472489249	35182.0	0.0	1485.0	0.228282824159	0.117845118046	0.00067340064561	0.0	0.0135125489905	3.06868696213	0.859066426754	300.0	25.1729927063
20070910	0.000517226522788	34801.0	0.0	1484.0	0.227088943124	0.0983827486634	0.000673854432534	0.0	0.0116150099784	3.27897572517	0.894145429134	121.325340271	24.4623241425
20070911	0.0004905355745	34656.0	1.0	1482.0	0.226720646024	0.118083670735	0.00337381893769	0.0	0.0108603248373	3.283400774	0.882459938526	300.0	25.0481491089
20070912	0.000380930054234	34127.0	3.0	1484.0	0.226415097713	0.0983827486634	0.0020215632394	0.0	0.00991815980524	3.1765499115	0.86223334074	0.0	25.2135448456
20070913	0.00040627992712	34459.0	0.0	1484.0	0.227762803435	0.118598379195	0.000673854432534	0.0	0.00892358273268	3.07816696167	0.8156722188	0.0	26.0730361938
20070914	0.000455230881926	35147.0	1.0	1486.0	0.227456256747	0.0995962321758	0.00134589499794	0.0	0.00854294933379	3.13122463226	0.832184433937	0.0	25.5083580017
20070915	0.000429504056228	34924.0	0.0	1484.0	0.228436663747	0.123315364122	0.000673854432534	0.0	0.00792609807104	3.33692717552	0.873387098312	0.0	24.6619873047
20070916	0.000412916007917	36327.0	0.0	1483.0	0.22859069705	0.101820632815	0.00202292646281	0.0	0.00734219048172	3.17734313011	0.873186409473	0.0	24.6723537445
20070917	0.000348787289113	37272.0	2.0	1484.0	0.229110509157	0.128032341599	0.00269541773014	0.0	0.00713383406401	3.39487862587	0.872574687004	300.0	24.1781024933
20070918	0.000376121635782	37222.0	2.0	1484.0	0.229784369469	0.10242587328	0.0020215632394	0.0	0.00640671653673	3.48315382004	0.869430065155	280.211212158	24.5526065826
20070919	0.000421174539952	37989.0	2.0	1483.0	0.230613619089	0.12946729362	0.00269723543897	0.0	0.00646410882473	3.44976401329	0.868267178535	0.0	25.0596313477
20070920	0.00032037589699	37456.0	2.0	1483.0	0.230613619089	0.111935265362	0.00202292646281	0.0	0.00599419092759	3.49359416962	0.883283674717	0.0	24.9375782013
20070921	0.000461517571239	36835.0	1.0	1482.0	0.230769231915	0.128879889846	0.000674763810821	0.0	0.00582720758393	3.38663983345	0.87271130085	0.0	25.6413993835
20070922	0.000415420392528	36108.0	2.0	1483.0	0.231287926435	0.106540799141	0.00269723543897	0.666666666667	0.0051956246607	3.42211723328	0.848083794117	0.0	25.9770469666
20070923	0.000479981943499	35418.0	1.0	1485.0	0.230976432562	0.12659932673	0.00134680129122	0.666666666667	0.00488034589216	3.37306404114	0.863754570484	0.0	25.478603363
20070924	0.000459638045868	34810.0	0.0	1483.0	0.231962233782	0.104517869651	0.00134861771949	0.0	0.00436779716983	3.24477410316	0.850294649601	1.53702666621e-30	25.7120475769
20070925	0.000373123621102	34841.0	0.0	1481.0	0.232275485992	0.134368672967	0.00135043892078	0.666666666667	0.0040944381617	3.23227548599	0.865119457245	0.0	25.5214271545
20070926	0.000320410123095	34331.0	2.0	1480.0	0.23175676167	0.118918918073	0.00135135138407	0.0	0.00366441532969	3.19459462166	0.889835059643	0.0	25.3833427429
20070927	0.000306893954985	35843.0	0.0	1479.0	0.233265712857	0.142663955688	0.00135226501152	0.0	0.00375535804778	3.15821504593	0.890901088715	0.0	24.5672550201
20070928	0.000248618773185	36200.0	3.0	1482.0	0.232793524861	0.111336030066	0.00134952762164	0.0	0.00375303602777	3.36099863052	0.897876858711	300.0	24.8230247498
20070929	0.000237429427216	37906.0	0.0	1482.0	0.234143048525	0.134952768683	0.00134952762164	0.666666666667	0.00320491450839	3.29419708252	0.884950578213	19.7887878418	24.9230422974
20070930	0.000215291045606	37159.0	0.0	1483.0	0.233985170722	0.114632502198	0.000674308859743	0.0	0.00305323535576	3.46864461899	0.90403264761	57.3040847778	24.3906822205
20071001	0.000247831485467	36315.0	1.0	1482.0	0.234143048525	0.141025647521	0.00134952762164	2.0	0.00283884583041	3.39541172981	0.960170388222	19.7887878418	23.5211658478
20071002	0.000193728730665	36133.0	1.0	1482.0	0.234143048525	0.105937920511	0.0	0.0	0.0025299389381	3.35222673416	0.962889075279	83.810043335	23.6127300262
20071003	0.000137627299409	29064.0	0.0	1485.0	0.235016837716	0.140067338943	0.00202020211145	0.666666666667	0.00237999111414	3.37306404114	0.927937209606	0.0	24.3364067078
20071004	0.000167937396327	29773.0	2.0	1482.0	0.234817817807	0.118083670735	0.0	0.0	0.00243180990219	2.76923084259	0.930822789669	0.0	23.925327301
20071005	0.00019873472047	30191.0	0.0	1483.0	0.235333785415	0.124747134745	0.0	0.666666666667	0.00261048716493	2.76264333725	0.978278279305	242.695922852	22.9028186798
20071006	0.000217398061068	32199.0	0.0	1481.0	0.234976366162	0.10735989362	0.0	1.33333333333	0.00270587066188	2.79135704041	0.956578850746	5.22026999406e-09	22.401714325
20071007	8.92564930837e-05	33611.0	0.0	1482.0	0.234817817807	0.130229413509	0.0	1.33333333333	0.0028980623465	3.03306341171	0.913943827152	300.0	23.7730827332
20071008	0.00012085322669	33098.0	0.0	1480.0	0.234459459782	0.104729726911	0.0	0.666666666667	0.00281110219657	3.09864878654	0.929932236671	280.211212158	23.5429382324
20071009	0.00012199957564	32787.0	0.0	1479.0	0.234617978334	0.129817441106	0.0	1.33333333333	0.00326272612438	3.0527381897	0.921545267105	300.0	24.2137508392
20071010	0.000122823723359	32567.0	0.0	1481.0	0.234301149845	0.112086430192	0.0	0.666666666667	0.00292202783749	2.97366642952	0.937384665012	1.1322173508e-30	23.6803703308
20071011	0.000114621936518	26173.0	0.0	1479.0	0.233941853046	0.124408386648	0.00067613250576	1.33333333333	0.00366308586672	2.97227859497	0.87799423933	1.16622045354e-08	25.0963497162
20071012	0.000114346701594	26236.0	0.0	1479.0	0.233941853046	0.103448279202	0.0	0.666666666667	0.00341939344071	2.40906000137	0.882340371609	1.52085188746e-31	25.1548595428
20071013	0.000113083791803	26529.0	0.0	1478.0	0.232746958733	0.125845730305	0.0	0.0	0.00423675356433	2.33761835098	0.860514581203	0.0	25.5889854431
20071014	0.000111881854536	26814.0	0.0	1481.0	0.230925053358	0.103983797133	0.0	0.0	0.00337992119603	2.50979065895	0.843983590603	300.0	25.0246620178
20071015	0.00011071744666	27096.0	0.0	1484.0	0.231132075191	0.118598379195	0.0	0.666666666667	0.00395706063136	2.44676542282	0.833860039711	0.0	25.6080589294
20071016	0.000146498685353	27304.0	0.0	1480.0	0.23175676167	0.10000000149	0.000675675692037	0.666666666667	0.0036400584504	2.45472979546	0.874063551426	0.0	24.1897010803
20071017	7.23589037079e-05	27640.0	0.0	1479.0	0.231913462281	0.112237997353	0.00067613250576	1.33333333333	0.00451253168285	2.44016218185	0.880314171314	0.0	24.6210098267
20071018	6.85353952576e-05	29182.0	0.0	1479.0	0.229208931327	0.0933062881231	0.0	0.666666666667	0.0050450656563	2.61866116524	0.857306420803	300.0	25.1403713226
20071019	0.00010278901027	29186.0	0.0	1480.0	0.229054048657	0.1135135144	0.0	0.0	0.00603052740917	2.69391894341	0.874302148819	0.0	24.4724884033
20071020	0.000102592159237	29242.0	0.0	1483.0	0.229939311743	0.0950775444508	0.00134861771949	0.0	0.00585310440511	2.64463925362	0.813655257225	0.0	25.5142040253
20071021	7.0924499596e-05	28199.0	0.0	1484.0	0.229110509157	0.107142858207	0.000673854432534	0.666666666667	0.00651359604672	2.65161728859	0.837636888027	0.0	25.1089801788
20071022	8.60091749928e-05	34880.0	0.0	1484.0	0.227088943124	0.0943396240473	0.0	0.0	0.00671360967681	2.59838271141	0.882625758648	0.0	24.2681312561
20071023	0.000116127157526	34445.0	0.0	1480.0	0.227027028799	0.107432432473	0.0	0.666666666667	0.00690286280587	3.20540523529	0.862985610962	0.0	24.3318881989
20071024	8.47170449561e-05	35412.0	0.0	1482.0	0.226720646024	0.0931174084544	0.0	0.0	0.00723740598187	3.27462887764	0.874880731106	0.0	24.4272937775
20071025	8.63234818098e-05	34753.0	0.0	1482.0	0.224696353078	0.108636975288	0.0	0.0	0.00753411790356	3.24493932724	0.827633023262	0.0	25.0130672455
20071026	0.000111938206828	35734.0	0.0	1481.0	0.223497644067	0.0918298438191	0.0	0.0	0.0073683783412	3.18906164169	0.808772027493	300.0	24.5728263855
20071027	8.26195901027e-05	36311.0	0.0	1481.0	0.224172860384	0.108035109937	0.0	0.0	0.00831159297377	3.28764343262	0.905426263809	0.0	24.0285682678
20071028	0.000165649762494	36221.0	0.0	1483.0	0.222521916032	0.0903573855758	0.000674308859743	0.0	0.00856550689787	3.39244771004	0.978761851788	0.0	21.9997825623
20071029	0.000169142731465	35473.0	0.0	1480.0	0.220945939422	0.118918918073	0.00135135138407	0.0	0.00937751028687	3.32027006149	0.975478053093	196.401168823	22.0131855011
20071030	8.69036230142e-05	34521.0	0.0	1479.0	0.221771463752	0.0906017571688	0.00135226501152	0.0	0.00971096381545	3.21839094162	0.933161318302	0.0	23.2175483704
20071031	5.91926145717e-05	33788.0	2.0	1482.0	0.222672060132	0.115384615958	0.000674763810821	0.0	0.00985353346914	3.18286108971	0.94541913271	300.0	23.0267467499
20071101	0.000110379340185	27179.0	0.0	1484.0	0.223045825958	0.0963611826301	0.0	0.0	0.0105667375028	3.09231805801	0.891961336136	19.7887878418	24.5340137482
20071102	0.000180890710908	27641.0	0.0	1485.0	0.222895622253	0.110437713563	0.0	0.0	0.0112211443484	2.43771028519	0.884131014347	37.515296936	25.4262886047
20071103	0.000171256338945	29196.0	0.0	1481.0	0.221471980214	0.0999324768782	0.0	0.0	0.010821220465	2.54287648201	0.849436998367	2.07952488518e-32	25.4917068481
20071104	0.000137864481076	29014.0	0.0	1481.0	0.220796763897	0.112761646509	0.0	0.0	0.0112620554864	2.65563821793	0.863030254841	262.484710693	24.9789447784
20071105	0.000205853095395	29147.0	0.0	1484.0	0.21832883358	0.10242587328	0.0	0.0	0.0103030595928	2.72978448868	0.877543866634	1.12961687518e-30	24.2144374847
20071106	0.000207103657885	28971.0	0.0	1484.0	0.216307282448	0.115902967751	0.000673854432534	0.0	0.0105889756233	2.67452812195	0.873488485813	158.885864258	24.5226974487
20071107	0.000231076483033	30293.0	3.0	1484.0	0.214959561825	0.0997304618359	0.000673854432534	0.0	0.00948750507087	2.65970349312	0.80783957243	0.0	24.9075393677
20071108	0.000235222963965	29759.0	1.0	1483.0	0.215104520321	0.113283887506	0.0	0.0	0.0096596647054	2.81591367722	0.889924228191	0.0	24.3590259552
20071109	0.000196927925572	30468.0	0.0	1483.0	0.213755905628	0.0984490886331	0.000674308859743	0.0	0.00878976285458	2.75724887848	0.937456011772	0.0	23.4604358673
20071110	0.000200240290724	29964.0	2.0	1485.0	0.214141413569	0.101683504879	0.0	0.0	0.00973990373313	2.82558917999	0.91574203968	0.0	23.3989181519
20071111	0.000199853442609	30022.0	0.0	1484.0	0.212938010693	0.091644205153	0.000673854432534	0.0	0.00877966824919	2.79582214355	0.900891363621	300.0	23.8948440552
20071112	0.00020113978826	29830.0	1.0	1484.0	0.212938010693	0.104447439313	0.000673854432534	0.0	0.00865266658366	2.79245281219	0.912293672562	0.0	24.0464954376
20071113	0.000300530926324	29947.0	1.0	1485.0	0.214141413569	0.093602694571	0.0	0.0	0.00799587648362	2.72659921646	0.930097222328	0.0	22.9515609741
20071114	0.000301487336401	29852.0	0.0	1484.0	0.214959561825	0.100404314697	0.000673854432534	0.0	0.00793518871069	2.67991924286	0.882236003876	0.0	23.5498638153
20071115	0.000292122422252	30809.0	0.0	1484.0	0.214285716414	0.0835579484701	0.0	0.0	0.00713100796565	2.78369259834	0.880665302277	0.0	23.9757423401
20071116	0.000360620266292	30503.0	0.0	1485.0	0.214141413569	0.0962962955236	0.00067340064561	0.0	0.00679199257866	2.84444451332	0.91923481226	0.0	24.3557701111
20071117	0.000295450066915	30462.0	0.0	1484.0	0.212938010693	0.0815363898873	0.0	0.666666666667	0.00655145896599	2.81940698624	0.948400735855	0.0	23.4175376892
20071118	0.000191803599591	31282.0	0.0	1483.0	0.213081598282	0.0977747812867	0.000674308859743	0.666666666667	0.00603283103555	2.69723534584	0.907144606113	0.0	24.2187767029
20071119	0.000167672696989	29820.0	1.0	1483.0	0.212407276034	0.0836142972112	0.000674308859743	0.666666666667	0.00600750045851	2.87390422821	0.896268010139	0.0	24.4384479523
20071120	0.000128741550725	31070.0	0.0	1485.0	0.212121218443	0.0882154852152	0.00067340064561	0.0	0.00546511914581	2.76633000374	0.903756141663	242.695922852	23.8037776947
20071121	0.00016137881903	30983.0	0.0	1485.0	0.208754211664	0.0680134668946	0.0	0.0	0.00530479010195	2.85791254044	0.899992406368	0.0	23.5621147156
20071122	0.000163297299878	30619.0	0.0	1482.0	0.208502024412	0.0924426466227	0.0	0.0	0.00467690639198	2.81916332245	0.843965947628	0.0	23.4461803436
20071123	0.000233418919379	29989.0	0.0	1482.0	0.205128207803	0.0782726034522	0.000674763810821	0.0	0.00438588345423	2.90755748749	0.832497417927	0.0	23.4116802216
20071124	0.000195248940145	30730.0	0.0	1482.0	0.205128207803	0.0910931155086	0.000674763810821	0.0	0.00387136265635	2.7537112236	0.861772239208	0.0	22.9595451355
20071125	0.000195982356672	30615.0	0.0	1484.0	0.202830195427	0.0754716992378	0.000673854432534	0.666666666667	0.00379494135268	2.83355784416	0.8504576087	0.0	23.9258785248
20071126	0.000162506505148	30768.0	2.0	1485.0	0.202020198107	0.0801346823573	0.0	1.33333333333	0.00347343529575	2.77912449837	0.866609930992	0.0	23.8991088867
20071127	0.000201491027838	24815.0	0.0	1484.0	0.202156335115	0.0761455520988	0.0	0.666666666667	0.00305016571656	2.80929899216	0.852181911469	0.0	24.4639015198
20071128	0.000239320332184	25071.0	0.0	1483.0	0.201618343592	0.0822656750679	0.000674308859743	0.666666666667	0.00273083290085	2.3149023056	0.841102898121	0.0	24.736366272
20071129	0.000198949550395	25132.0	0.0	1484.0	0.199460923672	0.0747978463769	0.0	0.0	0.00240168068558	2.32210230827	0.848160803318	0.0	23.8163776398
20071130	0.000160973562743	31061.0	0.0	1482.0	0.199055328965	0.0769230797887	0.0	0.666666666667	0.00235012429766	2.35020256042	0.84911108017	0.0	23.5274448395
20071201	0.000156186550157	32013.0	0.0	1484.0	0.195417791605	0.0707547143102	0.0	0.0	0.00224655261263	2.90700793266	0.865428864956	0.0	23.6297550201
20071202	0.000157599439262	31726.0	0.0	1482.0	0.194331988692	0.0782726034522	0.00202429154888	1.33333333333	0.00204126769677	2.99325227737	0.86213773489	0.0	23.5975131989
20071203	0.000190065882634	31568.0	3.0	1482.0	0.192982450128	0.0735492557287	0.0	0.0	0.00174460269045	2.97975730896	0.821814477444	0.0	23.1070156097
20071204	0.000194388645468	30866.0	0.0	1481.0	0.194463193417	0.0742741376162	0.000675219460391	0.0	0.00159033818636	2.9345035553	0.852156639099	0.0	22.8121776581
20071205	0.000165218254551	30263.0	2.0	1482.0	0.192982450128	0.0695006772876	0.00134952762164	0.0	0.00142609106842	2.80769252777	0.862362086773	0.0	22.945848465
20071206	0.000162972617545	24544.0	3.0	1481.0	0.192437544465	0.0749493613839	0.000675219460391	0.0	0.00138635013718	2.86495614052	0.852397203445	0.0	23.5122661591
20071207	0.000118807176477	25251.0	0.0	1480.0	0.191891893744	0.0689189210534	0.000675675692037	0.0	0.00169766251929	2.22162151337	0.858185172081	0.0	23.600446701
20071208	0.000157189453603	25447.0	0.0	1481.0	0.191762328148	0.0708980411291	0.0	0.666666666667	0.00149476749357	2.33085751534	0.872935593128	0.0	23.2182254791
20071209	0.000116568233352	25736.0	0.0	1481.0	0.185010135174	0.0648210644722	0.0	0.0	0.00176703708712	2.31870365143	0.831775665283	0.0	23.9384937286
20071210	0.000194552529138	25700.0	0.0	1480.0	0.185135141015	0.069594591856	0.0	0.0	0.00152190984227	2.43378376961	0.841258406639	0.0	23.6078243256
20071211	0.000112007168354	26784.0	0.0	1479.0	0.183231920004	0.0676132515073	0.0	0.0	0.00172159040812	2.28329968452	0.910215258598	0.0	22.2778244019
20071212	7.52247360651e-05	26587.0	0.0	1476.0	0.182249322534	0.067073173821	0.0	0.0	0.00200638477691	2.52100253105	0.950873911381	0.0	21.7288208008
20071213	3.79118173441e-05	26377.0	0.0	1476.0	0.178861781955	0.067073173821	0.0	0.0	0.00212757452391	2.40718150139	0.879401922226	196.401168823	23.4976406097
20071214	3.84704144381e-05	25994.0	0.0	1477.0	0.176709547639	0.0643195658922	0.0	0.666666666667	0.0028314080555	2.4157075882	0.895304977894	0.0	23.2950649261
20071215	3.85193161492e-05	25961.0	0.0	1479.0	0.174442186952	0.0696416497231	0.0	0.666666666667	0.00246357778087	2.4083840847	0.910931527615	0.0	22.8923358917
20071216	4.01590295951e-05	24901.0	0.0	1478.0	0.174560219049	0.0778078511357	0.0	0.0	0.00255580130033	2.47699594498	0.846026539803	0.0	23.5429058075
20071217	4.00865865231e-05	24946.0	0.0	1479.0	0.17038539052	0.0628803223372	0.0	0.0	0.00234290584922	2.32657217979	0.855341672897	0.0	23.4201984406
20071218	4.03811973229e-05	24764.0	0.0	1478.0	0.169147491455	0.0784844383597	0.0	0.0	0.0025164403487	2.30920147896	0.880925297737	0.0	23.1620998383
20071219	3.94523995055e-05	25347.0	0.0	1483.0	0.165205657482	0.074848279357	0.0	0.0	0.0028150533326	2.25488877296	0.857310414314	0.0	23.1128120422
20071220	3.94088674511e-05	25375.0	0.0	1482.0	0.164642378688	0.0782726034522	0.0	0.666666666667	0.00337006780319	2.35357618332	0.728806078434	0.0	22.8985118866
20071221	3.97756666644e-05	25141.0	0.0	1481.0	0.160702228546	0.064145848155	0.0	0.666666666667	0.00327026611194	2.24105334282	0.881016075611	0.0	22.5013484955
20071222	4.93485968036e-05	20264.0	0.0	1479.0	0.160919547081	0.0770791098475	0.00067613250576	0.666666666667	0.00345271360129	2.30561184883	0.850744843483	0.0	23.0147628784
20071223	4.86310345877e-05	20563.0	1.0	1479.0	0.159567281604	0.0649087205529	0.0	0.666666666667	0.00326435500756	1.89790391922	0.855386793613	0.0	23.0781345367
20071224	0.0	20933.0	0.0	1478.0	0.160351827741	0.0791610255837	0.000676589959767	0.666666666667	0.00338783930056	1.96346414089	0.880694687366	0.0	22.1527042389
20071225	0.0	20931.0	0.0	1481.0	0.158001348376	0.064145848155	0.0	2.0	0.00341842602938	1.92775154114	0.709783673286	0.0	22.4662094116
20071226	0.0	20407.0	0.0	1480.0	0.157432436943	0.0689189210534	0.0	0.0	0.00391684146598	1.90202713013	0.720332384109	0.0	23.4373931885
20071227	0.0	20620.0	0.0	1479.0	0.15618661046	0.0642325878143	0.0	0.0	0.00383755960502	1.95807981491	0.866518855095	0.0	23.5462837219
20071228	0.0	20791.0	0.0	1481.0	0.156650915742	0.0695476010442	0.0	0.0	0.00516194524243	1.90749502182	0.874184370041	0.0	23.9714355469
20071229	0.0	20812.0	0.0	1482.0	0.153171390295	0.0647773295641	0.0	0.0	0.00428805826232	1.92442643642	0.848325788975	0.0	22.9861736298
20071230	4.80145972688e-05	20827.0	0.0	1480.0	0.152702704072	0.0614864863455	0.0	0.0	0.0046694916673	1.9081081152	0.844916820526	0.0	22.877746582
20071231	4.77281391795e-05	20952.0	0.0	1480.0	0.152027025819	0.0594594590366	0.0	0.0	0.00400436809286	1.93310809135	0.855006754398	0.0	23.5091018677
20080101	9.59738972597e-05	20839.0	0.0	1483.0	0.151045173407	0.0573162510991	0.0	0.0	0.00435798801482	1.95077550411	0.856386184692	0.0	23.0028076172
20080102	9.6084557299e-05	20815.0	0.0	1482.0	0.151821866632	0.0580296888947	0.0	0.0	0.00512365391478	1.94197034836	0.790149867535	0.0	23.1243019104
20080103	9.60476390901e-05	20823.0	0.0	1483.0	0.151045173407	0.0600134879351	0.0	0.0	0.00425888365135	1.90492248535	0.903947174549	0.0	22.0463562012
20080104	9.25326166907e-05	21614.0	0.0	1485.0	0.150168344378	0.0606060624123	0.0	0.0	0.00469436310232	1.94680130482	0.941335737705	0.0	21.0925788879
20080105	0.0	21307.0	0.0	1483.0	0.149022251368	0.0647336468101	0.000674308859743	0.0	0.00396822486073	1.96156442165	0.915227949619	0.0	21.5074119568
20080106	0.0	21250.0	1.0	1482.0	0.145074218512	0.0587044544518	0.0	0.0	0.0047422638163	1.94736838341	0.75844669342	0.0	22.1716041565
20080107	0.0	21156.0	0.0	1485.0	0.146801352501	0.0639730617404	0.0	0.0	0.00446928851306	1.98451173306	0.818890333176	0.0	21.789888382
20080108	0.0	21317.0	0.0	1482.0	0.14439946413	0.06342779845	0.0	0.0	0.00462036253884	2.00269889832	0.89732080698	0.0	21.7474479675
20080109	0.0	21058.0	0.0	1479.0	0.144692361355	0.0615280605853	0.0	0.0	0.00475440034643	1.96889781952	0.726429104805	0.0	21.5848464966
20080110	0.0	16890.0	0.0	1479.0	0.144692361355	0.0628803223372	0.0	0.0	0.00422179419547	1.90804600716	0.871676206589	0.0	21.8043270111
20080111	0.0	17122.0	0.0	1479.0	0.143340095878	0.0649087205529	0.0	0.666666666667	0.0046867961064	1.54158222675	0.876234233379	0.0	21.4334907532
20080112	0.0	16502.0	0.0	1477.0	0.140826001763	0.0622884221375	0.0	0.0	0.00489846291021	1.55450236797	0.872789084911	0.0	22.2984256744
20080113	0.00017787264369	16866.0	0.0	1475.0	0.140338987112	0.0650847479701	0.0	0.0	0.0048837014474	1.50237286091	0.924510240555	0.0	22.3053722382
20080114	0.000173751875991	17266.0	0.0	1477.0	0.138794854283	0.0636425167322	0.0	0.0	0.00528694456443	1.6046038866	0.94300955534	0.0	21.4283065796
20080115	0.000173030333826	17338.0	0.0	1479.0	0.137931033969	0.0608519278467	0.0	0.0	0.00507538532838	1.58417856693	0.641118526459	0.0	22.0242385864
20080116	0.000173230160726	17318.0	0.0	1482.0	0.134952768683	0.0600539818406	0.0	0.0	0.00536354305223	1.58299589157	0.679886817932	0.0	21.6511726379
20080117	0.000173230160726	17318.0	0.0	1483.0	0.134861767292	0.0525960884988	0.0	0.0	0.0051937638782	1.60215783119	0.947613656521	0.0	22.4054203033
20080118	0.000116036200779	17236.0	0.0	1483.0	0.134187459946	0.0573162510991	0.0	0.0	0.00514765782282	1.54619014263	0.634558200836	0.0	23.5021381378
20080119	0.000115573537187	17305.0	0.0	1482.0	0.13360324502	0.0580296888947	0.000674763810821	0.0	0.00495794927701	1.57624828815	0.866952836514	0.0	23.5687217712
20080120	0.000116110306408	17225.0	0.0	1480.0	0.133108109236	0.0594594590366	0.0	0.0	0.00483977328986	1.57702696323	0.885978102684	0.0	22.8722915649
20080121	0.000116938550491	17103.0	0.0	1480.0	0.131081074476	0.0547297298908	0.0	0.0	0.00471976865083	1.62567567825	0.95788615942	0.0	22.1559238434
20080122	0.000116509378131	17166.0	0.0	1480.0	0.128378376365	0.0547297298908	0.000675675692037	0.0	0.00463452469558	1.57364857197	0.867626428604	0.0	23.6199798584
20080123	0.00017436791677	17205.0	0.0	1478.0	0.128552094102	0.0527740195394	0.0	0.0	0.00438559893519	1.58795666695	0.851272463799	0.0	23.288394928
20080124	0.000289972755127	17243.0	0.0	1480.0	0.128378376365	0.0554054044187	0.0	0.0	0.0043340716511	1.54864871502	0.88017398119	0.0	22.9246406555
20080125	0.000173902968527	17251.0	0.0	1480.0	0.128378376365	0.0587837845087	0.0	0.666666666667	0.00422470690683	1.54324328899	0.878535032272	0.0	23.5529079437
20080126	0.000173500666278	17291.0	0.0	1480.0	0.127702698112	0.0540540553629	0.0	0.0	0.00377074512653	1.54459452629	0.854411780834	0.0	22.7215003967
20080127	0.000114711787319	17435.0	0.0	1481.0	0.126941248775	0.0553679950535	0.0	0.0	0.00335060874932	1.61174893379	0.878769695759	0.0	22.073846817
20080128	0.000115915150673	17254.0	0.0	1483.0	0.125421449542	0.0573162510991	0.0	0.0	0.00319751445204	1.58462572098	0.92088419199	0.0	21.9590167999
20080129	5.82818502153e-05	17158.0	0.0	1485.0	0.125252529979	0.0552188567817	0.0	0.0	0.00288328435272	1.6094275713	0.837673723698	0.0	21.4017448425
20080130	5.8169971453e-05	17191.0	0.0	1483.0	0.125421449542	0.0566419437528	0.0	0.0	0.00250817835331	1.60890078545	0.86551707983	0.0	20.4224052429
20080131	6.00781022513e-05	16645.0	0.0	1482.0	0.124831311405	0.0566801615059	0.0	0.0	0.00237015564926	1.5782725811	0.836160719395	0.0	21.0367469788
20080201	0.0	16582.0	0.0	1483.0	0.124747134745	0.0519217811525	0.0	0.0	0.00209539476782	1.53337824345	0.814895451069	0.0	21.2547740936
20080202	0.0	16496.0	0.0	1481.0	0.124240376055	0.0519918985665	0.0	0.0	0.00197412236594	1.54085075855	0.881379008293	0.0	21.7924556732
20080203	0.0	16626.0	0.0	1484.0	0.122641511261	0.0485175214708	0.0	0.0	0.00177218858153	1.5727763176	0.869333744049	0.0	23.0718212128
20080204	0.0	16585.0	0.0	1483.0	0.122049897909	0.0512474700809	0.0	0.0	0.00164517667145	1.53877270222	0.849348008633	0.0	22.8514614105
20080205	0.0	16687.0	0.0	1484.0	0.119946092367	0.0505390837789	0.0	0.0	0.00148556998465	1.53840970993	0.827117562294	0.0	22.9024276733
20080206	0.0	16699.0	0.0	1480.0	0.117567569017	0.0500000007451	0.0	0.0	0.00152662571054	1.51554059982	0.787103354931	0.0	22.9422359467
20080207	0.0	16457.0	0.0	1482.0	0.118083670735	0.047908231616	0.0	0.0	0.00149702467024	1.50674772263	0.872369587421	0.0	22.4320983887
20080208	0.0	16361.0	0.0	1481.0	0.116812966764	0.0472653619945	0.0	0.0	0.00137601362076	1.59824442863	0.841084301472	0.0	22.750295639
20080209	0.0	16482.0	0.0	1479.0	0.116294793785	0.0480054095387	0.0	0.0	0.00126255617943	1.49222445488	0.8613935709	0.0	23.5128211975
20080210	0.0	16305.0	0.0	1482.0	0.116059377789	0.0445344112813	0.0	0.0	0.00109089969192	1.5411605835	0.810123562813	0.0	23.0879211426
20080211	6.13760494161e-05	16293.0	0.0	1480.0	0.114189192653	0.048648647964	0.0	0.0	0.00100591266528	1.49121618271	0.812922179699	0.0	23.3332653046
20080212	6.18926787865e-05	16157.0	0.0	1483.0	0.114632502198	0.0451786927879	0.0	0.0	0.00100544432644	1.49359405041	0.541658341885	0.0	23.5333194733
20080213	0.000124054087792	16122.0	0.0	1484.0	0.113207548857	0.0451482497156	0.000673854432534	0.0	0.000853704230394	1.48247981071	0.878043115139	0.0	23.5606060028
20080214	6.20308928774e-05	16121.0	2.0	1484.0	0.112533695996	0.0464959554374	0.0	0.0	0.00114205118734	1.4272236824	0.861646652222	0.0	23.0012187958
20080215	6.25469110673e-05	15988.0	0.0	1483.0	0.111935265362	0.0377612933517	0.0	0.0	0.00072850973811	1.48280513287	0.8108984828	0.0	24.187620163
20080216	6.21504004812e-05	16090.0	0.0	1483.0	0.111260958016	0.0451786927879	0.0	0.0	0.00105515983887	1.50977754593	0.792492449284	0.0	23.9084396362
20080217	0.000124556274386	16057.0	0.0	1483.0	0.11058665067	0.0465273112059	0.000674308859743	0.0	0.000781917769928	1.44504380226	0.793375492096	0.0	23.4420814514
20080218	0.000103950107587	19240.0	2.0	1482.0	0.110661268234	0.0452091768384	0.000674763810821	0.0	0.00106245954521	1.45951414108	0.821631908417	0.0	23.2398853302
20080219	0.000106196566776	18833.0	0.0	1482.0	0.111336030066	0.0452091768384	0.0	0.0	0.00103653338738	1.73279345036	0.768111944199	0.0	23.7621879578
20080220	0.000107353727799	18630.0	0.0	1481.0	0.108710333705	0.0418636053801	0.000675219460391	0.0	0.00106862315442	1.7987844944	0.776474535465	0.0	23.4113807678
20080221	5.43389651284e-05	18403.0	0.0	1481.0	0.108035109937	0.0378122888505	0.000675219460391	0.0	0.00123492244165	1.71640789509	0.761127710342	0.0	23.6087779999
20080222	5.51571974938e-05	18130.0	0.0	1482.0	0.106612682343	0.0418353565037	0.0	0.0	0.00115509342868	1.71120107174	0.805284440517	0.0	23.2151489258
20080223	4.59918119304e-05	21743.0	0.0	1482.0	0.106612682343	0.0465587042272	0.0	0.0	0.00125524960458	1.69230771065	0.736795544624	0.0	23.7189178467
20080224	0.0	21261.0	0.0	1480.0	0.106081083417	0.0412162169814	0.0	0.0	0.00118235731497	2.00675678253	0.772187829018	0.0	23.7290363312
20080225	0.0	20938.0	0.0	1481.0	0.10465901345	0.0425388254225	0.0	0.0	0.00118851731531	1.98987174034	0.765020370483	0.0	24.8683509827
20080226	0.0	20588.0	0.0	1482.0	0.104588396847	0.0452091768384	0.0	0.0	0.00110013131052	1.90823221207	0.800017178059	0.0	24.5258808136
20080227	0.0	20280.0	0.0	1483.0	0.103169254959	0.0438300743699	0.0	0.0	0.00107107288204	1.8840187788	0.626748204231	0.0	24.4677829742
20080228	0.0	19975.0	0.0	1481.0	0.10195813328	0.043214045465	0.0	0.0	0.000968790787738	1.8291695118	0.769535899162	0.0	24.9610443115
20080229	0.0	19760.0	0.0	1483.0	0.101820632815	0.0472016185522	0.0	0.0	0.000972731562797	1.81726229191	0.584215283394	0.0	25.3177280426
20080301	0.0	23671.0	0.0	1482.0	0.101214572787	0.0438596494496	0.0	0.0	0.000912895426154	1.80499327183	0.464152485132	0.0	24.574048996
20080302	0.0	23208.0	0.0	1480.0	0.0993243232369	0.0445945933461	0.0	0.0	0.000911756360438	2.1148648262	0.722815334797	0.0	24.1307525635
20080303	0.0	22606.0	0.0	1483.0	0.0991233959794	0.0397842228413	0.0	0.666666666667	0.000867008115165	2.15509104729	0.734881222248	0.0	23.927947998
20080304	0.0	22189.0	0.0	1483.0	0.0984490886331	0.0431557670236	0.0	0.666666666667	0.000782024115324	2.09440326691	0.725305616856	0.0	24.4193477631
20080305	0.0	21887.0	0.0	1484.0	0.0983827486634	0.0404312685132	0.0	0.0	0.000715559464879	1.99123990536	0.769809782505	0.0	24.0683841705
20080306	0.0	21723.0	0.0	1485.0	0.0989898964763	0.0363636352122	0.0	0.0	0.000639440724626	1.98585855961	0.730856060982	0.0	24.5834503174
20080307	0.0	21884.0	0.0	1486.0	0.0982503369451	0.0430686399341	0.0	1.33333333333	0.000578446488362	2.02557206154	0.76641690731	0.0	24.0099124908
20080308	4.59474358649e-05	21764.0	0.0	1485.0	0.0983164981008	0.0424242429435	0.0	0.0	0.000520561356097	2.00269365311	0.707278907299	0.0	24.2255916595
20080309	0.0	21608.0	0.0	1486.0	0.0969044417143	0.0430686399341	0.0	0.0	0.000466305558803	1.98115742207	0.765342116356	0.0	22.521522522
20080310	0.0	21299.0	0.0	1481.0	0.0965563803911	0.0405131652951	0.0	0.0	0.000435413734522	2.00135040283	0.72759360075	0.0	23.7364006042
20080311	4.71764869872e-05	21197.0	0.0	1481.0	0.0958811640739	0.038487508893	0.0	0.0	0.000397099269321	1.94328165054	0.743004143238	0.0	23.4691123962
20080312	4.62149910163e-05	21638.0	0.0	1481.0	0.0952059403062	0.0378122888505	0.0	0.0	0.000383574253647	1.95476031303	0.704973101616	0.0	23.9032154083
20080313	4.63370561192e-05	21581.0	0.0	1481.0	0.094530723989	0.0364618487656	0.0	0.0	0.000372887705453	1.97839295864	0.734183907509	0.0	23.9012584686
20080314	0.0	21633.0	0.0	1479.0	0.0939824208617	0.0358350239694	0.0	0.0	0.000435268098954	2.03651118279	0.711833000183	0.0	24.3010349274
20080315	0.0	21483.0	0.0	1479.0	0.0933062881231	0.0378634221852	0.0	0.0	0.000810104480479	1.92089247704	0.738685727119	0.0	24.4877719879
20080316	0.0	21397.0	0.0	1478.0	0.0933694168925	0.0372124500573	0.0	0.0	0.00107349152677	2.01488494873	0.716868579388	0.0	24.8777732849
20080317	0.0	21452.0	0.0	1478.0	0.0933694168925	0.0372124500573	0.0	0.0	0.00105884287041	1.99391067028	0.696422874928	0.0	24.4853515625
20080318	0.0	21383.0	0.0	1479.0	0.091954022646	0.0331304930151	0.0	0.0	0.000809283519629	1.97160243988	0.709227859974	0.0	24.1435699463
20080319	0.0	21993.0	0.0	1478.0	0.0906630605459	0.0372124500573	0.0	0.0	0.00126151461154	1.97090673447	0.669161379337	0.0	23.4550418854
20080320	0.0	21859.0	0.0	1479.0	0.0906017571688	0.0358350239694	0.0	0.0	0.00135419319849	2.04462480545	0.586588382721	0.0	24.1174564362
20080321	0.0	21612.0	0.0	1476.0	0.0901084020734	0.0359078608453	0.0	0.0	0.00127115496434	2.08943080902	0.705650925636	0.0	24.0941390991
20080322	0.0	21520.0	0.0	1479.0	0.0892494916916	0.0358350239694	0.0	0.0	0.00144983129576	2.02366471291	0.707015216351	0.0	24.3326435089
20080323	0.0	21525.0	0.0	1481.0	0.0884537473321	0.0391627289355	0.0	0.0	0.00103838078212	1.99594867229	0.719441473484	0.0	24.4423904419
20080324	4.65159537271e-05	21498.0	0.0	1479.0	0.0878972262144	0.0338066257536	0.0	0.0	0.00175972143188	1.9702501297	0.707276761532	0.0	25.1333866119
20080325	4.68164798804e-05	21360.0	0.0	1481.0	0.0877785310149	0.0344361923635	0.0	0.0	0.00135993422009	1.97164082527	0.713495016098	0.0	24.8144378662
20080326	4.70411141578e-05	21258.0	0.0	1482.0	0.0870445370674	0.0344129540026	0.0	0.0	0.00245608040132	1.9703104496	0.730398952961	0.0	25.2433013916
20080327	0.0	21362.0	0.0	1483.0	0.0869858413935	0.0316925160587	0.0	0.0	0.00172055885196	1.94133508205	0.714465022087	0.0	24.9676990509
20080328	0.0	21204.0	0.0	1482.0	0.0856950059533	0.0330634266138	0.0	0.0	0.0025461318437	1.9628880024	0.715196192265	0.0	24.7615261078
20080329	0.0	21061.0	0.0	1480.0	0.0837837830186	0.0358108095825	0.0	0.0	0.0021038253326	1.89121615887	0.739805400372	0.0	25.0030784607
20080330	0.0	25724.0	0.0	1478.0	0.0825439766049	0.0290933698416	0.0	0.0	0.00252608652227	1.9526386261	0.710698902607	0.0	25.473115921
20080331	0.0	25172.0	0.0	1480.0	0.0824324339628	0.0290540531278	0.0	0.0	0.00257995328866	2.40540552139	0.660110414028	0.0	24.6304073334
20080401	0.0	24581.0	0.0	1479.0	0.0811359062791	0.0324543602765	0.0	0.0	0.00245472975075	2.35091280937	0.764815211296	0.0	23.6680965424
20080402	0.0	24379.0	0.0	1479.0	0.0797836408019	0.027721432969	0.0	0.0	0.00259000738151	2.21771454811	0.745503425598	0.0	23.8385601044
20080403	0.0	24042.0	0.0	1482.0	0.078947365284	0.0290148444474	0.0	0.0	0.00231919926591	2.24561405182	0.797155022621	300.0	22.8374519348
20080404	0.0	23891.0	0.0	1482.0	0.0782726034522	0.032388664782	0.0	0.0	0.00244621909223	2.30431842804	0.720208823681	0.0	24.484210968
20080405	8.40760039864e-05	23788.0	0.0	1483.0	0.0775455161929	0.0330411344767	0.0	0.0	0.00218684971333	2.16925168037	0.575322985649	0.0	25.2849502563
20080406	0.000128347732243	23374.0	0.0	1486.0	0.0767160132527	0.0316285341978	0.0	0.0	0.00225720182061	2.2052488327	0.720038473606	0.0	24.8231697083
20080407	0.000128172265249	23406.0	0.0	1483.0	0.0761969015002	0.0296695884317	0.0	0.0	0.00210593058728	2.18543481827	0.660648882389	0.0	24.6740074158
20080408	0.000171460415004	23329.0	0.0	1482.0	0.0755735486746	0.031713899225	0.000674763810821	0.0	0.00202882895246	2.149122715	0.709828853607	0.0	24.9843978882
20080409	0.000171600171598	23310.0	2.0	1481.0	0.0756245777011	0.033760972321	0.00135043892078	0.0	0.00178743666038	2.21134376526	0.717341780663	0.0	25.2398719788
20080410	0.000216609623749	23083.0	0.0	1481.0	0.076975017786	0.0364618487656	0.0	0.0	0.00191433634609	2.18501019478	0.726495206356	0.0	25.0835914612
20080411	0.000216459593503	23099.0	0.0	1479.0	0.0757268443704	0.0338066257536	0.0	0.0	0.00187972851563	2.13928318024	0.682139158249	0.0	24.4767589569
20080412	0.000217419670662	22997.0	0.0	1483.0	0.0761969015002	0.0249494276941	0.000674308859743	0.0	0.00171497941483	2.10114645958	0.682819545269	0.0	24.4808769226
20080413	0.000174695378519	22897.0	1.0	1484.0	0.0754716992378	0.0289757419378	0.000673854432534	0.0	0.00147960847244	2.09231805801	0.697526991367	0.0	24.6157245636
20080414	0.000173860127688	23007.0	0.0	1483.0	0.0755225867033	0.0303438976407	0.0	0.0	0.00143820163794	2.17329740524	0.673641622066	0.0	25.1886558533
20080415	0.000216985630686	23043.0	0.0	1484.0	0.0741239860654	0.0336927212775	0.000673854432534	0.0	0.00122506031767	2.08153629303	0.775964915752	0.0	24.9586620331
20080416	0.00021033147641	23772.0	0.0	1486.0	0.0740242227912	0.0296096913517	0.0	0.0	0.00123983866069	2.11305522919	0.762299060822	0.0	25.8462715149
20080417	0.000167721911566	23849.0	0.0	1484.0	0.0734501332045	0.0330188684165	0.0	0.0	0.000997059745714	2.1394879818	0.795297622681	0.0	24.7640647888
20080418	0.000126321101561	23749.0	0.0	1485.0	0.0727272704244	0.0249158255756	0.0	0.0	0.00109822978266	2.18989896774	0.785624563694	0.0	25.2440757751
20080419	4.22618541052e-05	23662.0	0.0	1484.0	0.0707547143102	0.0330188684165	0.000673854432534	0.0	0.000899685837794	2.16711592674	0.753622889519	0.0	25.4532299042
20080420	4.22797238571e-05	23652.0	1.0	1487.0	0.0706119686365	0.0282447878271	0.0	0.0	0.001022405806	2.16745138168	0.779985427856	0.0	24.9535675049
20080421	4.23441742896e-05	23616.0	0.0	1484.0	0.0694070085883	0.0330188684165	0.0	0.0	0.000848125258926	2.19407010078	0.74360793829	0.0	24.100446701
20080422	3.95241295337e-05	25301.0	0.0	1485.0	0.0693602710962	0.0303030312061	0.0	0.0	0.000862141954713	2.19730639458	0.777459979057	0.0	24.5351886749
20080423	4.00368335249e-05	24977.0	0.0	1485.0	0.0686868652701	0.0296296291053	0.00067340064561	0.0	0.000726427184418	2.3212120533	0.780355989933	0.0	24.9687576294
20080424	4.0630588046e-05	24612.0	0.0	1487.0	0.0679219886661	0.0268997978419	0.0	0.0	0.000723758654203	2.29589796066	0.796232879162	0.0	24.5647125244
20080425	4.11268774769e-05	24315.0	0.0	1488.0	0.0678763464093	0.0288978498429	0.0	0.0	0.000651837384794	2.24731183052	0.803391993046	0.0	24.3256549835
20080426	4.16215771111e-05	24026.0	0.0	1491.0	0.0684104636312	0.030851777643	0.0	0.0	0.000609195150901	2.21327972412	0.763015389442	0.0	24.4739933014
20080427	4.19903408329e-05	23815.0	0.0	1494.0	0.0689424350858	0.0281124506146	0.0	0.0	0.000531399797183	2.20883536339	0.776959002018	0.0	24.6313323975
20080428	8.44059904921e-05	23695.0	0.0	1490.0	0.0691275149584	0.0275167785585	0.0	1.33333333333	0.000470578146633	2.14899325371	0.801429688931	0.0	24.8081989288
20080429	4.21052645834e-05	23750.0	0.0	1488.0	0.069220431149	0.0275537632406	0.000672043010127	0.0	0.000418611860368	2.19892477989	0.767452120781	0.0	25.009469986
20080430	4.23405872425e-05	23618.0	1.0	1487.0	0.0679219886661	0.0255548078567	0.0	0.666666666667	0.000380255311029	2.17686605453	0.784833908081	0.0	24.5921134949
20080501	0.0	23620.0	0.0	1488.0	0.0678763464093	0.0288978498429	0.0	0.0	0.000349044043105	2.125	0.806428134441	0.0	24.9006576538
20080502	4.2506162572e-05	23526.0	0.0	1486.0	0.0672947540879	0.0269179008901	0.0	0.0	0.000316479476169	2.15074014664	0.851167201996	0.0	23.5727462769
20080503	0.0	23599.0	0.0	1488.0	0.0672043040395	0.0275537632406	0.0	0.0	0.000297286227578	2.25470423698	0.858870327473	0.0	23.6120262146
20080504	0.0	23760.0	0.0	1490.0	0.06644295156	0.0261744968593	0.0	0.0	0.000277181097772	2.12953019142	0.821777999401	0.0	23.8226833344
20080505	0.0	23779.0	0.0	1491.0	0.0663983896375	0.0295103956014	0.0	0.0	0.000269003241556	2.16901397705	0.723336040974	0.0	24.5569820404
20080506	0.0	23632.0	0.0	1489.0	0.0658159852028	0.0248488914222	0.0	0.0	0.000254360435065	2.21155142784	0.765900075436	0.0	24.8300132751
20080507	0.0	23528.0	0.0	1488.0	0.0665322616696	0.0302419345826	0.0	0.666666666667	0.000260285596596	2.14784955978	0.812277019024	0.0	25.2132492065
20080508	0.0	23376.0	0.0	1486.0	0.0659488588572	0.0282637961209	0.0	0.0	0.000300280342344	2.17160153389	0.729068040848	0.0	25.4740390778
20080509	0.0	23617.0	0.0	1488.0	0.0645161271095	0.0262096766382	0.0	0.0	0.00063616031548	2.16935491562	0.804877698421	9.8943939209	25.4317569733
20080510	0.0	23463.0	0.0	1486.0	0.0646029636264	0.0235531628132	0.0	0.0	0.00104559992906	2.19044423103	0.796952962875	0.0	25.1955528259
20080511	0.0	23419.0	0.0	1489.0	0.0644728019834	0.0268636662513	0.0	0.0	0.00129825330805	2.13767623901	0.780171096325	0.0	25.4623584747
20080512	0.0	23394.0	0.0	1490.0	0.0644295290112	0.0281879194081	0.0	0.0	0.00132692453917	2.16308736801	0.710845291615	0.0	25.5762481689
20080513	0.0	23379.0	0.0	1488.0	0.0645161271095	0.0262096766382	0.0	0.0	0.00154993671458	2.15994620323	0.684835672379	0.0	25.5361633301
20080514	0.0	23330.0	0.0	1488.0	0.0638440847397	0.0275537632406	0.0	0.0	0.00128180137835	2.14448928833	0.800625145435	0.0	25.0863437653
20080515	0.0	23307.0	0.0	1490.0	0.0637583881617	0.0295302011073	0.0	0.0	0.00137591524981	2.16644287109	0.857682645321	0.0	23.9669971466
20080516	0.0	23374.0	0.0	1487.0	0.0632145255804	0.0262273028493	0.0	0.0	0.0013390177628	2.11499667168	0.807005465031	0.0	24.6589736938
20080517	0.0	23385.0	0.0	1486.0	0.0625841170549	0.021534319967	0.0	0.0	0.00154694542289	2.13189768791	0.800840556622	0.0	25.2633590698
20080518	0.0	23384.0	0.0	1488.0	0.0618279576302	0.0268817208707	0.0	0.666666666667	0.0019555168692	2.16801071167	0.804886996746	0.0	25.4711360931
20080519	0.0	23263.0	0.0	1487.0	0.06052454561	0.0201748479158	0.0	0.0	0.00160010228865	2.12575650215	0.723662257195	0.0	25.7792835236
20080520	0.0	23329.0	0.0	1486.0	0.0605652742088	0.0255720056593	0.0	0.0	0.00202236627229	2.14401078224	0.723749101162	0.0	26.0053672791
20080521	0.0	28333.0	0.0	1492.0	0.061662197113	0.0201072394848	0.0	0.0	0.00172077200841	2.15616631508	0.793150007725	0.0	25.5195140839
20080522	0.0	27877.0	0.0	1491.0	0.0610328651965	0.0187793429941	0.0	0.0	0.00197977223434	2.5499663353	0.795807600021	0.0	25.4052352905
20080523	0.0	27509.0	0.0	1490.0	0.0590604022145	0.0221476517618	0.0	0.0	0.00179921893869	2.4979865551	0.814494132996	0.0	25.2216873169
20080524	0.0	27238.0	0.0	1492.0	0.0583109930158	0.0187667552382	0.0	0.0	0.00179112900514	2.48525452614	0.783029735088	0.0	25.6002540588
20080525	0.0	27139.0	0.0	1494.0	0.0568942427635	0.0214190091938	0.0	0.0	0.00176159618422	2.47925043106	0.818477988243	0.0	25.3030109406
20080526	0.0	26951.0	0.0	1492.0	0.0563002675772	0.0214477218688	0.0	0.0	0.00160490907729	2.454423666	0.863294899464	0.0	24.2041130066
20080527	3.72370122932e-05	26855.0	0.0	1491.0	0.0570087172091	0.0207914151251	0.0	0.0	0.00157784728799	2.48893356323	0.885861337185	0.0	23.5589580536
20080528	3.75375384465e-05	26640.0	0.0	1491.0	0.0570087172091	0.0201207250357	0.0	0.0	0.00141248980071	2.45472836494	0.867617607117	0.0	24.6253299713
20080529	3.78229124181e-05	26439.0	0.0	1489.0	0.0570852905512	0.0214909333736	0.0	0.0	0.00133623240981	2.45198130608	0.899153113365	300.0	23.5337982178
20080530	3.78572767659e-05	26415.0	0.0	1489.0	0.0570852905512	0.0221625249833	0.0	0.0	0.00136085483246	2.46339821815	0.803081572056	57.3040847778	23.4970760345
20080531	4.7092064051e-05	21235.0	0.0	1489.0	0.0557421073318	0.0201477501541	0.000671591667924	0.0	0.00133797829039	2.4506380558	0.917196035385	2.75361844437e-09	23.4464359283
20080601	4.61041963717e-05	21690.0	0.0	1488.0	0.055779568851	0.0194892473519	0.000672043010127	0.0	0.00122957921121	1.92002689838	0.876829981804	262.484710693	23.9664058685
20080602	4.53370812465e-05	22057.0	0.0	1491.0	0.0556673370302	0.0194500330836	0.0	0.0	0.0010533942841	1.97652578354	0.773130297661	18.757648468	24.9997558594
20080603	4.46010453743e-05	22421.0	0.0	1493.0	0.0555927678943	0.0194239784032	0.0	0.0	0.00100588356145	1.97119891644	0.888880610466	300.0	23.8799324036
20080604	4.41423144366e-05	22654.0	0.0	1492.0	0.0556300282478	0.0201072394848	0.0	0.0	0.00105476228055	2.04624676704	0.860374927521	83.810043335	22.2906799316
20080605	4.41657102783e-05	22642.0	0.0	1493.0	0.0562625601888	0.0174146015197	0.0	0.0	0.000950955494773	2.06229066849	0.795378267765	1.81947820453e-32	23.7941226959
20080606	4.3905867642e-05	22776.0	0.0	1493.0	0.0555927678943	0.0234427321702	0.0	0.0	0.00121109024622	2.11587405205	0.880524992943	0.0	24.3289356232
20080607	0.0	23786.0	0.0	1491.0	0.0543259568512	0.0160965789109	0.0	0.0	0.000808888755273	2.13749170303	0.776046335697	57.3040847778	24.5989513397
20080608	0.0	19004.0	0.0	1490.0	0.0536912754178	0.0208053681999	0.0	0.0	0.00103583501186	2.1724832058	0.844619035721	0.0	25.1632537842
20080609	5.14694511367e-05	19429.0	0.0	1493.0	0.0535833910108	0.0160750169307	0.0	0.0	0.000783029478043	1.72471535206	0.775127410889	0.0	25.5717563629
20080610	5.02386319567e-05	19905.0	0.0	1494.0	0.0528781786561	0.0180722884834	0.0	0.0	0.00102812587284	1.80856752396	0.856861293316	0.0	25.2059135437
20080611	4.92902217957e-05	20288.0	0.0	1493.0	0.0522438026965	0.0154052246362	0.0	0.0	0.000917310069781	1.84594774246	0.891686797142	0.0	24.8028106689
20080612	4.86689059471e-05	20547.0	0.0	1492.0	0.0502680949867	0.0167560316622	0.0	0.0	0.00108599849045	1.84584450722	0.850582480431	0.0	24.9382381439
20080613	4.84590054839e-05	20636.0	0.0	1492.0	0.0502680949867	0.0180965140462	0.0	0.0	0.00102694320958	1.89142096043	0.673360645771	0.0	25.6168937683
20080614	4.76894456369e-05	20969.0	0.0	1491.0	0.0489604286849	0.018108651042	0.0	0.0	0.00118431274313	1.91415166855	0.937803149223	0.0	23.7860946655
20080615	3.91083303839e-05	25570.0	0.0	1492.0	0.0489276126027	0.0167560316622	0.0	0.0	0.0011272059055	1.9410187006	0.932109057903	0.0	24.335735321
20080616	4.85790624225e-05	20585.0	0.0	1497.0	0.0487641952932	0.0187040753663	0.0	0.0	0.00118273659609	2.3226454258	0.840469360352	300.0	25.9269695282
20080617	3.81431891583e-05	26217.0	0.0	1498.0	0.0487316437066	0.0193591453135	0.0	0.0	0.00110700144432	1.89519357681	0.666368663311	0.0	25.7610778809
20080618	3.83347396564e-05	26086.0	0.0	1496.0	0.0474598929286	0.0193850267678	0.0	0.0	0.00109627807979	2.35695195198	0.6947453022	0.0	25.7028694153
20080619	0.0	25651.0	0.0	1493.0	0.0468854643404	0.0194239784032	0.0	0.0	0.0010263773147	2.44608163834	0.841151535511	0.0	25.6521701813
20080620	0.0	26752.0	0.0	1492.0	0.0469168908894	0.0167560316622	0.0	0.0	0.00098421680741	2.28284168243	0.844567000866	0.0	26.169878006
20080621	3.77857541025e-05	26465.0	0.0	1493.0	0.0468854643404	0.0194239784032	0.0	0.0	0.000891559117008	2.38847947121	0.817631661892	0.0	26.2956581116
20080622	5.9414174757e-05	33662.0	0.0	1493.0	0.0455458797514	0.0194239784032	0.0	0.0	0.000887311180122	2.39718675613	0.887885034084	0.0	25.2344799042
20080623	6.10966890235e-05	32735.0	0.0	1495.0	0.044147156179	0.0187290962785	0.0	0.0	0.000778080080636	3.02073574066	0.882325768471	0.0	25.4356632233
20080624	9.66868610703e-05	31028.0	0.0	1496.0	0.0427807494998	0.0193850267678	0.0	0.0	0.000770307902712	2.91176462173	0.898439764977	0.0	25.0855102539
20080625	9.83993668342e-05	30488.0	0.0	1493.0	0.0421969182789	0.0200937706977	0.0	0.0	0.000607034191489	2.89216351509	0.849459826946	0.0	26.2380275726
20080626	6.65181069053e-05	30067.0	0.0	1493.0	0.0421969182789	0.0200937706977	0.0	0.0	0.000572755408939	2.75016736984	0.844079852104	0.0	26.2000732422
20080627	3.40159203915e-05	29398.0	0.0	1496.0	0.0407753996551	0.0213903747499	0.0	0.0	0.000481810828205	2.70588231087	0.85074865818	0.0	25.3871059418
20080628	0.000103662750917	28940.0	0.0	1496.0	0.0401069521904	0.0173796787858	0.0	0.0	0.000460359791759	2.73395729065	0.862419724464	83.810043335	25.7764472961
20080629	0.000104829130578	28618.0	0.0	1492.0	0.0402144789696	0.0187667552382	0.000670241308399	0.0	0.000391074107029	2.66487932205	0.951854288578	0.0	24.1444892883
20080630	0.000105849976535	28342.0	0.0	1490.0	0.0395973138511	0.0167785231024	0.0	0.0	0.00034937725286	2.64496660233	0.901502370834	262.484710693	24.1532115936
20080701	6.98299627402e-05	28641.0	0.0	1487.0	0.0396772027016	0.0161398798227	0.0	0.0	0.000289079849608	2.55144572258	0.834137737751	0.0	25.6140861511
20080702	7.30513565941e-05	27378.0	0.0	1491.0	0.0395707562566	0.0134138166904	0.000670690787956	0.0	0.000267132127192	2.56606316566	0.631286144257	0.0	25.7955245972
20080703	7.04448611941e-05	28391.0	0.0	1491.0	0.0368879958987	0.0127431256697	0.0	0.0	0.000232248537941	2.50033545494	0.871840953827	1.30023321956e-33	25.5650634766
20080704	3.34672004101e-05	29880.0	0.0	1494.0	0.0374832674861	0.0160642564297	0.000669344037306	0.0	0.000437718990725	2.62115120888	0.873911142349	0.0	25.6826171875
20080705	3.41716768162e-05	29264.0	0.0	1497.0	0.0374081507325	0.0146960588172	0.0	0.0	0.000207122895517	2.70607876778	0.669399261475	178.6746521	25.5783004761
20080706	3.42254788848e-05	29218.0	0.0	1497.0	0.0367401465774	0.0140280565247	0.0	0.0	0.000205325559364	2.65931868553	0.568166673183	242.695922852	25.83934021
20080707	3.44234067597e-05	29050.0	0.0	1496.0	0.0367647074163	0.0120320850983	0.0	0.0	0.000191710249055	2.7433154583	0.855271816254	0.0	26.2451057434
20080708	0.0	30209.0	0.0	1496.0	0.0367647074163	0.013368983753	0.0	0.0	0.000184301141417	2.65441179276	0.814169943333	0.0	26.4777488708
20080709	3.34963478963e-05	29854.0	0.0	1496.0	0.0367647074163	0.0113636367023	0.0	0.0	0.000181009250809	2.72058820724	0.87771910429	0.0	25.882900238
20080710	3.39316611644e-05	29471.0	0.0	1494.0	0.0361445769668	0.0127175366506	0.0	0.0	0.000183173586265	2.75167322159	0.851869046688	280.211212158	26.0276317596
20080711	3.41133927577e-05	29314.0	0.0	1494.0	0.0354752354324	0.0100401602685	0.0	0.0	0.000168032580405	2.67135214806	0.897006869316	242.695922852	25.9505214691
20080712	6.87308856868e-05	29099.0	0.0	1492.0	0.0348525457084	0.0120643433183	0.0	0.0	0.000156552137923	2.72989273071	0.688815176487	0.0	26.3168239594
20080713	6.98470321367e-05	28634.0	0.0	1491.0	0.034875921905	0.0120724346489	0.0	0.0	0.000153603337822	2.60429239273	0.703942060471	0.0	26.3306312561
20080714	7.01065655448e-05	28528.0	0.0	1491.0	0.034875921905	0.0114017436281	0.0	0.0	0.000142575649079	2.67069101334	0.668595552444	0.0	26.249546051
20080715	5.82886459597e-05	34312.0	0.0	1493.0	0.0348292030394	0.0120562622324	0.0	0.0	0.000140252057463	2.60549211502	0.877802968025	0.0	26.1295719147
20080716	5.73295874347e-05	34886.0	0.0	1495.0	0.0347826071084	0.00936454813927	0.000668896303978	0.0	0.000133303023176	3.11036777496	0.843710899353	0.0	26.3577919006
20080717	2.79095729638e-05	35830.0	1.0	1496.0	0.0347593575716	0.0140374330804	0.0	0.0	0.000124582264107	3.15641713142	0.781328439713	57.3040847778	26.4081745148
20080718	2.82079490717e-05	35451.0	0.0	1495.0	0.0347826071084	0.012040133588	0.0	0.0	0.000120103359222	3.26488304138	0.815732002258	0.0	25.7756652832
20080719	2.86738359137e-05	34875.0	0.0	1497.0	0.0354041419923	0.0133600533009	0.0	0.0	0.00010860083421	3.19238471985	0.837214171886	2.31651242188e-07	26.0094566345
20080720	2.93789289572e-05	34038.0	0.0	1497.0	0.0347361378372	0.00801603216678	0.0	0.0	0.000114412730909	3.16566467285	0.781240522861	300.0	26.6010246277
20080721	2.98053710139e-05	33551.0	0.0	1497.0	0.0354041419923	0.0126920510083	0.000668002699967	0.0	0.000101476143755	3.13493657112	0.825296342373	0.0	25.7704219818
20080722	2.92243839795e-05	34218.0	0.0	1494.0	0.0334672033787	0.0113788489252	0.0	0.0	0.000109728709504	3.05823302269	0.842927396297	0.0	26.2132053375
20080723	2.82789442281e-05	35362.0	0.0	1496.0	0.0334224589169	0.0106951873749	0.0	0.0	9.56941003096e-05	3.08756685257	0.655804932117	0.0	26.0065879822
20080724	0.0	34831.0	0.0	1498.0	0.0333778373897	0.0100133512169	0.0	0.0	0.000104189704871	3.26635527611	0.796733260155	0.0	26.1344909668
20080725	0.0	34117.0	0.0	1498.0	0.0327102802694	0.0126835778356	0.0	0.0	9.27233413677e-05	3.21829104424	0.775303184986	280.211212158	26.4048690796
20080726	0.0	33685.0	0.0	1499.0	0.0333555713296	0.0120080057532	0.0	0.0	0.000115880378871	3.09873247147	0.802568078041	0.0	26.0111713409
20080727	0.0	35222.0	0.0	1499.0	0.0326884575188	0.0120080057532	0.0	0.0	0.000102574740595	3.07805204391	0.819152593613	0.0	26.0337219238
20080728	0.0	36508.0	0.0	1499.0	0.0320213474333	0.0133422277868	0.0	0.0	0.0001013625224	3.19946622849	0.796561002731	0.0	26.2138690948
20080729	0.0	35625.0	0.0	1498.0	0.0320427231491	0.0146862482652	0.0	0.0	9.59598473855e-05	3.31775689125	0.755298018456	0.0	26.7652416229
20080730	0.0	36138.0	0.0	1496.0	0.0327540114522	0.0113636367023	0.0	0.0	0.000102760925074	3.26403737068	0.649815917015	0.0	26.79271698
20080731	0.0	35456.0	0.0	1493.0	0.0321500338614	0.0140656400472	0.0	0.0	9.74746144493e-05	3.30140662193	0.65747743845	271.347961426	26.9114265442
20080801	0.0	35121.0	0.0	1496.0	0.0314171127975	0.0147058824077	0.0	0.0	9.68491003732e-05	3.24131011963	0.812123835087	150.0	24.8591423035
20080802	0.0	34824.0	0.0	1497.0	0.031396124512	0.0140280565247	0.0	0.0	9.64398786891e-05	3.17568469048	0.926125407219	1.03578456971e-32	24.6887187958
20080803	0.0	34735.0	0.0	1497.0	0.0307281222194	0.011356045492	0.0	0.0	9.70452310867e-05	3.18303275108	0.900089502335	0.0	25.4551620483
20080804	0.0	34527.0	0.0	1499.0	0.0300200134516	0.0120080057532	0.0	0.0	9.32263865252e-05	3.1574382782	0.81621658802	121.347961426	26.0226821899
20080805	0.0	34287.0	0.0	1501.0	0.029980013147	0.0106595605612	0.0	0.666666666667	9.41435719142e-05	3.16655564308	0.802163243294	0.0	26.2033653259
20080806	0.0	36107.0	0.0	1500.0	0.0299999993294	0.0120000001043	0.0	0.0	9.23654442886e-05	3.11800003052	0.806765317917	57.3040847778	27.0380649567
20080807	0.0	35754.0	0.0	1497.0	0.0300601199269	0.0120240477845	0.0	0.0	9.28754452616e-05	3.29258513451	0.801956176758	0.0	27.2657032013
20080808	0.0	35328.0	0.0	1499.0	0.0293529015034	0.0106737827882	0.0	0.0	9.48506858549e-05	3.33555698395	0.791536152363	0.0	27.0844097137
20080809	0.0	34751.0	0.0	1499.0	0.0293529015034	0.00933955982327	0.0	0.0	9.21066239243e-05	3.16744494438	0.730001986027	0.0	26.2808132172
20080810	0.0	34354.0	0.0	1498.0	0.0287049394101	0.00934579409659	0.0	0.0	9.60837787716e-05	3.13084101677	0.814467310905	300.0	26.2981338501
20080811	0.0	36362.0	0.0	1499.0	0.028685791418	0.00867244787514	0.0	0.0	8.92867756193e-05	3.07805204391	0.651782810688	0.0	27.3284130096
20080812	0.0	36222.0	0.0	1495.0	0.0287625417113	0.0107023408636	0.0	0.0	9.42098777159e-05	3.32441473007	0.640366792679	0.0	26.9681396484
20080813	0.0	35581.0	0.0	1495.0	0.0294314380735	0.00869565177709	0.0	0.0	8.66114787641e-05	3.25551843643	0.792675077915	300.0	26.5869789124
20080814	0.0	35281.0	0.0	1495.0	0.0287625417113	0.00936454813927	0.0	0.0	9.1729205451e-05	3.24615383148	0.741735458374	300.0	27.0176143646
20080815	0.0	34856.0	0.0	1495.0	0.0287625417113	0.0080267554149	0.0	0.0	8.44643363962e-05	3.21204018593	0.749775111675	0.0	24.3950157166
20080816	0.0	34235.0	0.0	1494.0	0.0287817940116	0.0107095045969	0.0	0.0	8.98413854884e-05	3.17737603188	0.857616603374	0.0	24.1012229919
20080817	0.0	35336.0	0.0	1496.0	0.0280748661608	0.00735294120386	0.0	0.0	8.30088538351e-05	3.18048119545	0.814803957939	300.0	25.7282085419
20080818	0.0	36013.0	0.0	1494.0	0.0281124506146	0.0100401602685	0.0	0.0	8.94261756912e-05	3.17871499062	0.804301381111	300.0	26.0270423889
20080819	0.0	35703.0	0.0	1494.0	0.0281124506146	0.00803212821484	0.0	0.0	8.39845670271e-05	3.27443099022	0.796786785126	300.0	26.3968315125
20080820	0.0	35615.0	0.0	1497.0	0.0280561130494	0.00801603216678	0.0	0.0	9.01017046999e-05	3.28924512863	0.813638806343	0.0	26.2033176422
20080821	0.0	36523.0	0.0	1496.0	0.0280748661608	0.00668449187651	0.0	0.0	8.76067060744e-05	3.30815505981	0.79682290554	0.0	26.6297874451
20080822	0.0	36080.0	0.0	1495.0	0.0267558526248	0.00936454813927	0.0	0.0	9.000486898e-05	3.3879597187	0.821584582329	0.0	25.7338066101
20080823	0.0	35709.0	0.0	1497.0	0.0260521043092	0.00935203768313	0.0	0.0	8.73548269738e-05	3.34001326561	0.736784696579	300.0	25.7272281647
20080824	0.0	35091.0	0.0	1498.0	0.0260347127914	0.00801068078727	0.0	0.0	8.6972664576e-05	3.27770376205	0.770119786263	300.0	25.1039276123
20080825	0.0	34582.0	0.0	1498.0	0.0260347127914	0.0073431241326	0.0	0.0	8.5071362264e-05	3.24566078186	0.91876989603	216.189956665	24.3259220123
20080826	0.0	34807.0	0.0	1495.0	0.024080267176	0.00869565177709	0.0	0.0	8.24656017357e-05	3.0541806221	0.978080093861	0.0	22.4451389313
20080827	0.0	36428.0	0.0	1497.0	0.024048095569	0.00868403445929	0.0	0.0	7.96085296315e-05	3.16700053215	0.896927595139	300.0	24.0828609467
20080828	0.0	29335.0	0.0	1498.0	0.0240320432931	0.00867823790759	0.0	0.0	7.48989623389e-05	3.29839777946	0.890030741692	0.0	24.8346309662
20080829	0.0	29221.0	0.0	1498.0	0.0240320432931	0.00801068078727	0.0	0.0	7.20254465705e-05	2.63217639923	0.882274091244	2.75361844437e-09	25.1151294708
20080830	0.0	29326.0	0.0	1497.0	0.022712090984	0.00668002665043	0.0	0.0	6.74095063005e-05	2.68670654297	0.887880623341	83.810043335	25.2074794769
20080831	0.0	31145.0	0.0	1499.0	0.0220146756619	0.0100066708401	0.0	0.0	6.47441411274e-05	2.64976644516	0.799790859222	216.189956665	26.0796604156
20080901	0.0	32637.0	0.0	1498.0	0.0220293719321	0.00801068078727	0.0	0.0	6.1132828705e-05	2.85380506516	0.912442028522	0.0	25.1095466614
20080902	0.0	32491.0	0.0	1499.0	0.0213475655764	0.00800533685833	0.0	0.0	6.05947316217e-05	2.98465633392	0.951365351677	121.325340271	23.0227603912
20080903	0.0	32631.0	0.0	1499.0	0.0213475655764	0.00800533685833	0.0	0.0	5.77856153541e-05	2.98332214355	0.943209469318	121.325340271	22.8867073059
20080904	0.0	34132.0	0.0	1497.0	0.0207080822438	0.00801603216678	0.0	0.0	5.84424742556e-05	2.95190382004	0.918700397015	0.0	24.719203949
20080905	0.0	27443.0	0.0	1499.0	0.0200133416802	0.00600400287658	0.0	0.0	5.70119082113e-05	3.09673118591	0.842522621155	103.598831177	25.2149200439
20080906	0.0	29102.0	0.0	1498.0	0.0200267024338	0.00667556747794	0.0	0.0	6.26010150881e-05	2.5327103138	0.89427280426	300.0	25.2356796265
20080907	0.0	30845.0	0.0	1495.0	0.0200668890029	0.00602006679401	0.0	0.0	5.93923359702e-05	2.68093633652	0.901192426682	0.0	23.5701694489
20080908	0.0	30371.0	0.0	1498.0	0.0200267024338	0.00667556747794	0.0	0.0	6.79872755427e-05	2.79973292351	0.899968087673	300.0	24.2943210602
20080909	0.0	30168.0	0.0	1496.0	0.0200534760952	0.00601604254916	0.0	0.0	6.4134314016e-05	2.70187163353	0.936434388161	0.0	24.1114578247
20080910	0.0	29968.0	0.0	1495.0	0.0207357853651	0.00535117043182	0.0	0.0	7.19653180568e-05	2.76989984512	0.923658192158	0.0	23.4328994751
20080911	0.0	31194.0	0.0	1497.0	0.0200400799513	0.00534402159974	0.0	0.0	7.13431290933e-05	2.72879099846	0.928956508636	0.0	23.8151130676
20080912	0.0	25085.0	0.0	1497.0	0.0200400799513	0.0073480294086	0.0	0.0	7.31512263883e-05	2.90313959122	0.866969168186	0.0	24.8305797577
20080913	0.0	26915.0	0.0	1497.0	0.0200400799513	0.00534402159974	0.0	0.0	7.45203142287e-05	2.29659318924	0.853638529778	0.0	25.4530029297
20080914	0.0	33652.0	0.0	1496.0	0.0193850267678	0.00668449187651	0.0	0.0	6.80601297063e-05	2.47526741028	0.877063393593	0.0	25.2089805603
20080915	0.0	34639.0	0.0	1496.0	0.0193850267678	0.00668449187651	0.0	0.0	6.84860569891e-05	3.02874326706	0.904125928879	141.114135742	24.6978626251
20080916	0.0	33689.0	0.0	1497.0	0.0193720776588	0.00801603216678	0.0	0.0	6.25463726465e-05	3.16165661812	0.872682392597	0.0	24.5058097839
20080917	0.0	33441.0	0.0	1495.0	0.0193979926407	0.0080267554149	0.0	0.0	6.36665718048e-05	3.12642145157	0.880689799786	216.189956665	24.7965450287
20080918	0.0	33776.0	0.0	1495.0	0.0193979926407	0.0080267554149	0.0	0.0	5.60782027605e-05	3.02408027649	0.871956169605	2.21090381558e-08	24.7453289032
20080919	0.0	34264.0	0.0	1496.0	0.0193850267678	0.00802139006555	0.0	0.0	5.7839693909e-05	3.08689856529	0.896662533283	19.7887878418	24.6046390533
20080920	0.0	33997.0	0.0	1499.0	0.0193462315947	0.00867244787514	0.0	0.0	4.99426787428e-05	3.11474323273	0.88856112957	0.0	24.6342010498
20080921	0.0	34581.0	0.0	1500.0	0.019333332777	0.00800000037998	0.0	0.0	5.37560590601e-05	3.15799999237	0.927422344685	158.885864258	24.7745800018
20080922	0.0	33404.0	0.0	1497.0	0.0193720776588	0.00801603216678	0.0	0.0	4.87522447656e-05	3.13293266296	0.948295295238	0.0	24.3189907074
20080923	0.0	33239.0	0.0	1497.0	0.0193720776588	0.00668002665043	0.0	0.0	5.55306760361e-05	3.0474281311	0.924308240414	0.0	22.7162399292
20080924	0.0	33364.0	0.0	1500.0	0.019333332777	0.00800000037998	0.0	0.0	4.93561929034e-05	3.04266667366	0.941113293171	0.0	22.8263282776
20080925	0.0	34626.0	0.0	1498.0	0.0186915881932	0.0073431241326	0.0	0.0	5.51993325644e-05	3.00133514404	0.90699338913	0.0	24.8138275146
20080926	0.0	27757.0	0.0	1500.0	0.0186666660011	0.0066666668281	0.0	0.0	5.02396760567e-05	3.14333319664	0.886538565159	0.0	25.1128253937
20080927	0.0	35797.0	0.0	1500.0	0.0186666660011	0.0066666668281	0.0	0.0	5.74353543925e-05	2.59933328629	0.905251860619	0.0	24.5109710693
20080928	0.0	35177.0	0.0	1502.0	0.0193075891584	0.00665778946131	0.0	0.0	5.474037971e-05	3.29494023323	0.87870246172	0.0	25.1294555664
20080929	0.0	33508.0	0.0	1501.0	0.0186542309821	0.00466355774552	0.0	0.0	6.2868661189e-05	3.27248501778	0.849845290184	158.885864258	24.8644351959
20080930	0.0	33373.0	0.0	1502.0	0.0186418108642	0.00798934791237	0.0	0.0	6.20081045781e-05	3.00865507126	0.845298409462	0.0	25.248916626
20081001	0.0	34025.0	0.0	1500.0	0.0186666660011	0.0066666668281	0.0	0.0	6.75306728226e-05	3.04266667366	0.839673101902	0.0	25.2841281891
20081002	0.0	33751.0	0.0	1502.0	0.0186418108642	0.00865512620658	0.0	0.0	6.62617603666e-05	3.04127812386	0.855938494205	196.401168823	25.7688026428
20081003	0.0	33074.0	0.0	1503.0	0.0186294075102	0.00731869600713	0.0	0.0	6.93736510584e-05	3.09381222725	0.824847817421	0.0	25.5209159851
20081004	0.0	33525.0	0.0	1505.0	0.0192691031843	0.00863787345588	0.0	0.0	6.94481495884e-05	2.97873735428	0.829032540321	3.96899973754e-33	24.5155105591
20081005	0.0	33263.0	0.0	1503.0	0.0186294075102	0.00665336009115	0.0	0.0	6.68907669024e-05	3.04590797424	0.898832201958	0.0	24.3842067719
20081006	0.0	34302.0	0.0	1504.0	0.0179521273822	0.00531914876774	0.0	0.0	6.40629441477e-05	2.99667549133	0.842942893505	141.114135742	24.9463214874
20081007	0.0	33764.0	0.0	1503.0	0.0179640725255	0.00465735187754	0.0	0.0	6.11134964856e-05	3.11909508705	0.871947228909	0.0	24.5412979126
20081008	0.0	33682.0	0.0	1503.0	0.0172987356782	0.00598802417517	0.0	0.0	5.72628778173e-05	3.06653356552	0.877485394478	0.0	24.6001415253
20081009	0.0	33177.0	0.0	1504.0	0.0172872338444	0.00598404277116	0.0	0.0	5.44782051293e-05	3.04853725433	0.889069616795	196.401168823	24.4637622833
20081010	0.0	33700.0	0.0	1504.0	0.0172872338444	0.00531914876774	0.0	0.0	5.08846169396e-05	3.02859044075	0.860965132713	196.401168823	25.2809925079
20081011	0.0	33785.0	0.0	1504.0	0.0172872338444	0.00797872338444	0.0	0.0	5.03083501826e-05	3.13098406792	0.899967730045	0.0	24.5573978424
20081012	0.0	33866.0	0.0	1506.0	0.0172642767429	0.00597609579563	0.0	0.0	4.66068449896e-05	3.04847288132	0.890219867229	0.0	25.1704673767
20081013	0.0	32341.0	0.0	1507.0	0.0165892504156	0.00464498996735	0.0	0.0	4.57231217297e-05	2.99867296219	0.915697276592	0.0	24.034318924
20081014	0.0	33540.0	0.0	1504.0	0.0166223403066	0.00598404277116	0.0	0.0	4.25261605415e-05	2.92819166183	0.885734677315	300.0	24.3524017334
20081015	0.0	33222.0	0.0	1505.0	0.0166112948209	0.00465116277337	0.0	0.0	4.10872307839e-05	3.02259135246	0.947142422199	0.0	23.1397628784
20081016	0.0	32789.0	0.0	1505.0	0.0172757469118	0.00465116277337	0.0	0.0	3.98065276386e-05	2.96279072762	0.920555472374	0.0	23.0984706879
20081017	0.0	32588.0	0.0	1507.0	0.0165892504156	0.00398141983896	0.0	0.0	3.84445302188e-05	2.97478437424	0.860383272171	0.0	23.7836494446
20081018	0.0	33383.0	0.0	1507.0	0.0165892504156	0.00331784994341	0.0	0.0	4.02189871238e-05	2.97345733643	0.830781698227	196.401168823	24.6746196747
20081019	0.0	32683.0	0.0	1506.0	0.016600266099	0.00464807450771	0.0	0.0	3.9641312469e-05	3.07436919212	0.865428090096	196.401168823	24.9591693878
20081020	0.0	32122.0	0.0	1509.0	0.015904571861	0.00265076220967	0.0	0.0	4.07150400861e-05	2.96885347366	0.811506509781	262.484710693	25.1766910553
20081021	0.0	32933.0	0.0	1510.0	0.0152317881584	0.00264900666662	0.0	0.0	4.0078877646e-05	2.94635748863	0.853992164135	0.0	25.2518234253
20081022	0.0	32446.0	0.0	1509.0	0.0152418818325	0.00265076220967	0.0	0.0	4.07968000218e-05	2.9370443821	0.838155567646	0.0	25.559797287
20081023	0.0	32250.0	0.0	1510.0	0.0145695367828	0.00529801333323	0.0	0.0	3.94113376387e-05	2.90662240982	0.836001694202	0.0	24.9831027985
20081024	0.0	32000.0	0.0	1510.0	0.0145695367828	0.00264900666662	0.0	0.0	4.01833603974e-05	2.91390728951	0.818168401718	19.7887878418	24.8027305603
20081025	0.0	32394.0	0.0	1511.0	0.0145598938689	0.00264725345187	0.0	0.0	3.87333057006e-05	2.89410972595	0.84798848629	0.0	24.3904514313
20081026	0.0	32140.0	0.0	1506.0	0.0146082341671	0.00132802128792	0.0	0.0	3.64047300536e-05	2.89774250984	0.823149800301	0.0	25.0025100708
20081027	0.0	32143.0	0.0	1507.0	0.013934969902	0.00199070991948	0.0	0.0	3.6694946175e-05	2.93696069717	0.842527151108	0.0	25.3760280609
20081028	0.0	32966.0	0.0	1507.0	0.0126078305766	0.00331784994341	0.0	0.0	3.13122654916e-05	2.86529541016	0.844411432743	0.0	25.2368755341
20081029	0.0	33608.0	0.0	1508.0	0.0125994691625	0.00331564992666	0.0	0.0	3.31618939526e-05	2.96153831482	0.800151288509	121.325340271	25.1551933289
20081030	0.0	32991.0	0.0	1505.0	0.0126245850697	0.00398671114817	0.0	0.0	2.6722178518e-05	3.02259135246	0.881909012794	6.76032584579e-07	24.3117294312
20081031	0.0	33075.0	0.0	1504.0	0.0126329790801	0.00398936169222	0.0	0.0	2.7480562494e-05	2.98271274567	0.912181138992	158.885864258	24.1937446594
20081101	0.0	32715.0	0.0	1505.0	0.0126245850697	0.00398671114817	0.0	0.0	2.27719428949e-05	2.9847176075	0.813813328743	18.757648468	24.52202034
20081102	0.0	33854.0	0.0	1506.0	0.0126162022352	0.00398406386375	0.0	0.0	2.28935859923e-05	2.87649393082	0.915672898293	1.03976244259e-32	23.6367015839
20081103	0.0	33534.0	0.0	1504.0	0.0119680855423	0.00398936169222	0.0	0.0	1.93056039279e-05	3.03856396675	0.796104133129	131.242355347	25.1731014252
20081104	0.0	33292.0	0.0	1505.0	0.0119601329789	0.00332225905731	0.0	0.0	1.99348160095e-05	3.00465106964	0.787908911705	0.0	25.2378883362
20081105	0.0	32797.0	0.0	1504.0	0.0119680855423	0.00332446815446	0.0	0.0	1.66859699675e-05	3.09042549133	0.857764959335	0.0	24.9082679749
20081106	0.0	33076.0	0.0	1503.0	0.011310711503	0.00332668004557	0.0	0.0	1.83902684512e-05	3.03326678276	0.851776599884	0.0	25.2799167633
20081107	0.0	33936.0	0.0	1506.0	0.0112881809473	0.00265604257584	0.0	0.0	1.60858671734e-05	3.03120851517	0.878094375134	0.0	25.0099964142
20081108	0.0	34595.0	0.0	1504.0	0.0106382975355	0.00398936169222	0.0	0.0	2.04068455787e-05	3.05784583092	0.860076904297	0.0	25.1450481415
20081109	0.0	33782.0	0.0	1506.0	0.0112881809473	0.00398406386375	0.0	0.0	1.83279535122e-05	3.07901716232	0.808694899082	0.0	24.9602527618
20081110	0.0	33079.0	0.0	1507.0	0.0106171201915	0.00398141983896	0.0	0.0	2.30311688938e-05	3.0278699398	0.872869491577	0.0	24.2699718475
20081111	0.0	32691.0	0.0	1505.0	0.0099667776376	0.00332225905731	0.0	0.0	2.14943156607e-05	2.98870444298	0.856462478638	0.0	24.6959514618
20081112	0.0	32213.0	0.0	1506.0	0.00996015965939	0.0033200532198	0.0	0.0	2.60303968389e-05	2.96547150612	0.832110226154	0.0	24.7393016815
20081113	0.0	32093.0	0.0	1508.0	0.00928381923586	0.00397878000513	0.0	0.0	2.56665807683e-05	3.00265264511	0.930115044117	0.0	22.3742332458
20081114	0.0	31721.0	0.0	1508.0	0.00994694977999	0.0053050396964	0.0	0.0	2.86175582005e-05	2.94164443016	0.172082439065	0.0	24.2624397278
20081115	0.0	31715.0	0.0	1507.0	0.00928997993469	0.00265428004786	0.0	0.0	3.00420651911e-05	2.77571344376	0.72542989254	0.0	25.7642040253
20081116	0.0	31292.0	0.0	1507.0	0.00928997993469	0.00464498996735	0.0	0.0	3.01517375192e-05	2.92501664162	0.769732236862	0.0	24.8795795441
20081117	0.0	31607.0	0.0	1506.0	0.00929614901543	0.00265604257584	0.0	0.0	3.50069385604e-05	2.87583017349	0.857322335243	196.401168823	24.383140564
20081118	0.0	31552.0	0.0	1506.0	0.00863213837147	0.00199203193188	0.0	0.0	3.22233208863e-05	2.85922980309	0.746674954891	262.484710693	26.0824642181
20081119	0.0	32404.0	0.0	1506.0	0.00863213837147	0.00464807450771	0.0	0.0	3.68764340237e-05	2.86852574348	0.840716302395	0.0	23.9348716736
20081120	0.0	31924.0	0.0	1508.0	0.00862068962306	0.00331564992666	0.0	0.0	3.26928020513e-05	2.97281169891	0.891069054604	0.0	22.3552703857
20081121	0.0	31771.0	0.0	1505.0	0.00863787345588	0.00332225905731	0.0	0.0	3.56377822754e-05	2.83388710022	0.923849582672	0.0	21.9388122559
20081122	0.0	31828.0	0.0	1506.0	0.00863213837147	0.0033200532198	0.0	0.0	3.20253820973e-05	2.87981414795	0.755398750305	0.0	23.447347641
20081123	0.0	31384.0	0.0	1505.0	0.00863787345588	0.00332225905731	0.0	0.0	3.41779159498e-05	2.82990026474	0.787132441998	0.0	23.7491188049
20081124	0.0	25268.0	0.0	1506.0	0.00863213837147	0.00398406386375	0.0	0.0	3.12555312121e-05	2.80544495583	0.887419462204	0.0	21.9289207458
20081125	0.0	25849.0	0.0	1505.0	0.00863787345588	0.00465116277337	0.0	0.0	3.23199637933e-05	2.3222591877	0.829389333725	0.0	23.23295784
20081126	0.0	26053.0	0.0	1506.0	0.00863213837147	0.0033200532198	0.0	0.0	3.01981453958e-05	2.30079674721	0.880592286587	216.189956665	22.6197566986
20081127	0.0	26134.0	0.0	1507.0	0.00862640980631	0.00464498996735	0.0	0.0	3.06624788209e-05	2.30856013298	0.765884101391	0.0	22.2335910797
20081128	0.0	26223.0	0.0	1506.0	0.00863213837147	0.00132802128792	0.0	0.0	3.0896779208e-05	2.45285534859	0.782425522804	0.0	22.3130741119
20081129	0.0	25355.0	0.0	1505.0	0.00863787345588	0.00265780719928	0.0	0.0	2.97601491184e-05	2.36013293266	0.782358288765	0.0	22.2703094482
20081130	0.0	21254.0	0.0	1505.0	0.00863787345588	0.000664451799821	0.0	0.0	3.36986558978e-05	2.28837203979	0.780453324318	0.0	22.7003059387
20081201	0.0	21759.0	0.0	1505.0	0.00797342229635	0.000664451799821	0.0	0.0	3.20506042044e-05	1.91694355011	0.814639747143	0.0	23.3262386322
20081202	0.0	22200.0	0.0	1505.0	0.00797342229635	0.00199335557409	0.0	0.0	3.54407566192e-05	1.97475075722	0.841136991978	0.0	23.7588005066
20081203	0.0	22423.0	0.0	1504.0	0.00731382984668	0.00132978719193	0.0	0.0	2.96359794447e-05	2.01728725433	0.814874887466	0.0	23.913143158
20081204	0.0	22635.0	0.0	1501.0	0.00732844788581	0.000666222535074	0.0	0.0	3.37220117217e-05	2.02398395538	0.837526500225	0.0	23.2693481445
20081205	0.0	21808.0	0.0	1502.0	0.00732356868684	0.0	0.0	0.0	3.03260385408e-05	2.00865507126	0.817892849445	0.0	23.0537567139
20081206	0.0	21872.0	0.0	1500.0	0.00733333313838	0.00133333331905	0.0	0.0	2.90336683975e-05	1.95600008965	0.773463189602	0.0	23.0893993378
20081207	0.0	21985.0	0.0	1498.0	0.0073431241326	0.000667556771077	0.0	0.0	2.5911249395e-05	1.97263026237	0.79562497139	0.0	22.8660469055
20081208	0.0	17734.0	0.0	1500.0	0.00733333313838	0.00200000009499	0.0	0.0	2.33423143072e-05	1.99666666985	0.772286295891	0.0	23.1610813141
20081209	0.0	19188.0	0.0	1505.0	0.00664451811463	0.00132890359964	0.0	0.0	2.01315669983e-05	1.61262464523	0.783522903919	0.0	23.0721912384
20081210	0.0	20607.0	0.0	1504.0	0.00664893630892	0.00132978719193	0.0	0.0	1.81612504093e-05	1.73603725433	0.820679247379	0.0	22.6892528534
20081211	0.0	20710.0	0.0	1505.0	0.00664451811463	0.00132890359964	0.0	0.0	1.52764423547e-05	1.87707638741	0.814005315304	0.0	23.2082901001
20081212	0.0	20925.0	0.0	1503.0	0.00598802417517	0.00133067194838	0.0	0.0	1.427200732e-05	1.87757825851	0.806335628033	0.0	23.6649265289
20081213	0.0	20932.0	0.0	1503.0	0.00598802417517	0.00199600798078	0.0	0.0	1.1163153431e-05	1.96540260315	0.840779840946	0.0	23.4274024963
20081214	0.0	20018.0	0.0	1504.0	0.00598404277116	0.00132978719193	0.0	0.0	1.12824700409e-05	1.87433505058	0.844815433025	0.0	23.2325839996
20081215	0.0	19995.0	0.0	1504.0	0.00598404277116	0.00132978719193	0.0	0.0	8.60546788317e-06	1.79188835621	0.823373556137	0.0	23.4065074921
20081216	0.0	20185.0	0.0	1506.0	0.00597609579563	0.00132802128792	0.0	0.0	1.09040238385e-05	1.77622842789	0.808825671673	0.0	23.416217804
20081217	0.0	20140.0	0.0	1502.0	0.00532623147592	0.00133155786898	0.0	0.0	8.28778593132e-06	1.89214384556	0.83459842205	0.0	21.6857299805
20081218	0.0	20951.0	0.0	1502.0	0.00532623147592	0.00266311573796	0.0	0.0	1.19484357128e-05	1.83555269241	0.672514736652	0.0	21.1229743958
20081219	0.0	20499.0	0.0	1502.0	0.00532623147592	0.00133155786898	0.0	0.0	9.13463645702e-06	1.91677761078	0.878171801567	0.0	22.2129402161
20081220	0.0	19801.0	0.0	1500.0	0.00533333327621	0.00266666663811	0.0	0.0	1.27925377456e-05	1.84733331203	0.858244299889	0.0	22.5775489807
20081221	0.0	19581.0	0.0	1503.0	0.00532268779352	0.00332668004557	0.0	0.0	9.81225730357e-06	1.81170988083	0.812641322613	0.0	22.9321060181
20081222	0.0	19578.0	0.0	1502.0	0.00532623147592	0.00266311573796	0.0	0.0	1.31753249661e-05	1.77896142006	0.75868922472	0.0	23.1456222534
20081223	0.0	19420.0	0.0	1501.0	0.00532978028059	0.0026648901403	0.0	0.0	1.02752956082e-05	1.76548957825	0.77986228466	0.0	23.2088928223
20081224	0.0	19362.0	0.0	1500.0	0.00466666650027	0.00266666663811	0.0	0.0	1.20836457427e-05	1.76800000668	0.814711391926	0.0	22.769323349
20081225	0.0	19265.0	0.0	1500.0	0.00466666650027	0.00266666663811	0.0	0.0	9.901275007e-06	1.80133330822	0.83276361227	0.0	22.7012386322
20081226	0.0	19305.0	0.0	1501.0	0.00466355774552	0.0026648901403	0.0	0.0	1.12727429951e-05	1.74083948135	0.792685449123	0.0	22.4537296295
20081227	0.0	19317.0	0.0	1501.0	0.00466355774552	0.00199866760522	0.0	0.0	1.0641136214e-05	1.81545639038	0.805380582809	0.0	22.7065105438
20081228	0.0	18665.0	0.0	1502.0	0.00466045271605	0.00332889473066	0.0	0.0	1.25190654217e-05	1.72503328323	0.691513717175	0.0	22.3214931488
20081229	0.0	18920.0	0.0	1502.0	0.00466045271605	0.00199733697809	0.0	0.0	1.25035112433e-05	1.68442082405	0.803131937981	0.0	22.0788440704
20081230	0.0	19070.0	0.0	1504.0	0.00465425522998	0.00332446815446	0.0	0.0	1.27279436128e-05	1.729388237	0.872694015503	0.0	21.8756847382
20081231	0.0	18952.0	0.0	1501.0	0.00466355774552	0.00333111267537	0.0	0.0	1.44739888128e-05	1.69487011433	0.818164825439	0.0	21.6762695312
20090101	0.0	18824.0	0.0	1502.0	0.00466045271605	0.00332889473066	0.0	0.0	1.39434232551e-05	1.70972037315	0.759146928787	0.0	21.6754875183
20090102	0.0	15208.0	0.0	1504.0	0.00465425522998	0.00265957438387	0.0	0.0	1.65233814187e-05	1.65890955925	0.785295665264	0.0	22.1543769836
20090103	0.0	15539.0	0.0	1504.0	0.00465425522998	0.00332446815446	0.0	0.0	1.56377609528e-05	1.37765955925	0.832579910755	0.0	23.44373703
20090104	0.0	15662.0	0.0	1502.0	0.00466045271605	0.00332889473066	0.0	0.0	1.7397582269e-05	1.3721704483	0.805816292763	0.0	23.4542655945
20090105	0.0	15808.0	0.0	1503.0	0.00465735187754	0.00133067194838	0.0	0.0	1.70597322722e-05	1.4211575985	0.790514826775	0.0	23.4382190704
20090106	0.0	16101.0	0.0	1504.0	0.00465425522998	0.00332446815446	0.0	0.0	1.8101742171e-05	1.42087769508	0.812859117985	0.0	23.366897583
20090107	0.0	16113.0	0.0	1504.0	0.00465425522998	0.00199468084611	0.0	0.0	1.73261269083e-05	1.44680857658	0.817146718502	0.0	23.0084972382
20090108	0.0	16227.0	0.0	1503.0	0.00399201596156	0.00266134389676	0.0	0.0	2.0492963813e-05	1.42714571953	0.734607696533	0.0	23.4342918396
20090109	0.0	19842.0	0.0	1501.0	0.00399733521044	0.00133244507015	0.0	0.0	1.95092288777e-05	1.52298462391	0.715167939663	0.0	23.048374176
20090110	0.0	19434.0	0.0	1501.0	0.00399733521044	0.00199866760522	0.0	0.0	2.20256933972e-05	1.78880739212	0.755621731281	0.0	23.2714118958
20090111	0.0	19221.0	0.0	1503.0	0.00399201596156	0.00066533597419	0.0	0.0	2.06155909837e-05	1.73652696609	0.785705566406	0.0	23.0084209442
20090112	0.0	18900.0	0.0	1502.0	0.00399467395619	0.00133155786898	0.0	0.0	2.34293129324e-05	1.79427421093	0.814836978912	0.0	22.8696575165
20090113	0.0	18695.0	0.0	1501.0	0.00399733521044	0.000666222535074	0.0	0.0	2.21402515308e-05	1.78014647961	0.803440690041	0.0	22.8302364349
20090114	0.0	18544.0	0.0	1503.0	0.00399201596156	0.00066533597419	0.0	0.0	2.33524351643e-05	1.65735197067	0.569893538952	0.0	23.5844745636
20090115	0.0	18424.0	0.0	1500.0	0.00400000018999	0.000666666659527	0.0	0.0	2.17539673031e-05	1.66066670418	0.870303094387	0.0	21.9239883423
20090116	0.0	18371.0	0.0	1500.0	0.00400000018999	0.0	0.0	0.0	2.10862399399e-05	1.67599999905	0.861398875713	0.0	22.8184909821
20090117	0.0	18320.0	0.0	1499.0	0.00400266842917	0.00133422284853	0.0	0.0	1.93435498659e-05	1.66644430161	0.879054844379	0.0	22.0137062073
20090118	0.0	18217.0	0.0	1496.0	0.00401069503278	0.00133689842187	0.0	0.0	1.78579102794e-05	1.67513370514	0.787006258965	0.0	22.8428115845
20090119	0.0	18188.0	0.0	1498.0	0.00400534039363	0.000667556771077	0.0	0.0	1.65120254678e-05	1.60347127914	0.769691050053	0.0	23.3240451813
20090120	0.0	18018.0	0.0	1498.0	0.00400534039363	0.000667556771077	0.0	0.0	1.42538001455e-05	1.6348464489	0.785316765308	0.0	23.2329540253
20090121	0.0	17963.0	0.0	1498.0	0.00400534039363	0.000667556771077	0.0	0.0	1.3885161934e-05	1.62216293812	0.873622894287	0.0	22.3294200897
20090122	0.0	17348.0	0.0	1501.0	0.00399733521044	0.000666222535074	0.0	0.0	1.13766245704e-05	1.63424384594	0.885516822338	0.0	22.211397171
20090123	0.0	17363.0	0.0	1500.0	0.00400000018999	0.00133333331905	0.0	0.0	1.08165122583e-05	1.56733322144	0.838624536991	0.0	21.974275589
20090124	0.0	17303.0	0.0	1500.0	0.00400000018999	0.00133333331905	0.0	0.0	8.42790177558e-06	1.59066665173	0.702622592449	0.0	23.0532283783
20090125	0.0	17347.0	0.0	1498.0	0.00400534039363	0.00133511354215	0.0	0.0	7.67593792261e-06	1.5427236557	0.691861867905	0.0	23.0127410889
20090126	0.0	17240.0	0.0	1498.0	0.00400534039363	0.0	0.0	0.0	5.84213739785e-06	1.58010673523	0.64245736599	0.0	23.1611537933
20090127	0.0	17159.0	0.0	1497.0	0.00400801608339	0.000668002699967	0.0	0.0	5.06169544678e-06	1.55845022202	0.819342851639	0.0	22.8762531281
20090128	0.0	17128.0	0.0	1498.0	0.00400534039363	0.000667556771077	0.0	0.0	3.83494443668e-06	1.58611488342	0.614952206612	0.0	23.3376407623
20090129	0.0	17533.0	0.0	1496.0	0.00401069503278	0.000668449210934	0.0	0.0	3.74058777197e-06	1.53141713142	0.771521568298	0.0	23.2138271332
20090130	0.0	17543.0	0.0	1495.0	0.00401337770745	0.00133779260796	0.0	0.0	2.83609870166e-06	1.6367893219	0.793618679047	0.0	23.1552829742
20090131	0.0	17422.0	0.0	1498.0	0.00333778373897	0.00133511354215	0.0	0.0	3.91804587707e-06	1.5887850523	0.826258599758	0.0	22.3699226379
20090201	0.0	17368.0	0.0	1496.0	0.00334224593826	0.00133689842187	0.0	0.0	2.98492500406e-06	1.62032079697	0.811132371426	0.0	22.8260688782
20090202	0.0	17301.0	0.0	1495.0	0.0033444815781	0.00133779260796	0.0	0.0	3.70553743778e-06	1.57257533073	0.809096574783	0.0	23.6866092682
20090203	0.0	17281.0	0.0	1493.0	0.00334896193817	0.00066979235271	0.0	0.0	2.80413451037e-06	1.60616207123	0.655305981636	0.0	23.6608943939
20090204	0.0	17284.0	0.0	1493.0	0.00334896193817	0.00133958470542	0.0	0.0	3.2173065847e-06	1.52310776711	0.613378822803	0.0	22.2115592957
20090205	0.0	17220.0	0.0	1493.0	0.00334896193817	0.00133958470542	0.0	0.0	2.55431814367e-06	1.58673810959	0.875637710094	0.0	20.6131401062
20090206	0.0	17169.0	0.0	1491.0	0.00335345417261	0.00201207236387	0.0	0.0	3.47375862475e-06	1.53789401054	0.853672206402	0.0	21.3107833862
20090207	0.0	17092.0	0.0	1493.0	0.00334896193817	0.00133958470542	0.0	0.0	3.18280922329e-06	1.54119217396	0.845214903355	0.0	21.3943061829
20090208	0.0	17056.0	0.0	1493.0	0.00334896193817	0.00133958470542	0.0	0.0	3.92997844756e-06	1.54655051231	0.848856091499	0.0	21.7085723877
20090209	0.0	17072.0	0.0	1495.0	0.00401337770745	0.00267558521591	0.0	0.0	0.000289243907901	1.55719065666	0.857036948204	0.0	21.420381546
20090210	0.0	13745.0	0.0	1493.0	0.00334896193817	0.00200937711634	0.0	0.0	4.79140408061e-06	1.56262564659	0.78229367733	0.0	22.521446228
20090211	0.0	14015.0	0.0	1492.0	0.00335120642558	0.000670241308399	0.0	0.0	5.20955381944e-06	1.27345848083	0.622397482395	0.0	22.6194572449
20090212	0.0	14033.0	0.0	1490.0	0.00335570471361	0.00268456386402	0.0	0.0	5.7883912632e-06	1.28724825382	0.539772510529	0.0	23.3550186157
20090213	0.0	14390.0	0.0	1489.0	0.00335795828141	0.000671591667924	0.0	0.0	5.62669220017e-06	1.27333784103	0.694043278694	0.0	23.1984062195
20090214	0.0	14552.0	0.0	1490.0	0.00335570471361	0.00268456386402	0.0	0.0	8.02718750492e-06	1.31342291832	0.727035820484	0.0	22.583404541
20090215	0.0	14681.0	0.0	1491.0	0.00335345417261	0.00134138157591	0.0	0.0	6.56836573398e-06	1.33668684959	0.647987782955	0.0	22.9672546387
20090216	0.0	14646.0	0.0	1493.0	0.00334896193817	0.00133958470542	0.0	0.0	1.03450202005e-05	1.33087742329	0.762789785862	0.0	22.5266342163
20090217	0.0	14636.0	0.0	1499.0	0.00333555694669	0.00133422284853	0.0	0.0	7.90500052972e-06	1.28352236748	0.772917032242	0.0	21.8439865112
20090218	0.0	14736.0	0.0	1496.0	0.00334224593826	0.00200534751639	0.0	0.0	1.15702932817e-05	1.32687163353	0.755549609661	0.0	22.3660202026
20090219	0.0	14892.0	0.0	1498.0	0.00333778373897	0.00133511354215	0.0	0.0	9.10160997591e-06	1.32376503944	0.766612648964	0.0	23.3056087494
20090220	0.0	15017.0	0.0	1496.0	0.00334224593826	0.000668449210934	0.0	0.0	1.27490220621e-05	1.36631011963	0.731659054756	0.0	24.0563640594
20090221	0.0	14911.0	0.0	1493.0	0.00334896193817	0.00066979235271	0.0	0.0	1.06157594928e-05	1.37977230549	0.728387832642	0.0	23.9712219238
20090222	0.0	14928.0	0.0	1494.0	0.00334672024474	0.000669344037306	0.0	0.0	1.40028241731e-05	1.39156627655	0.677043318748	0.0	23.8083343506
20090223	0.0	15110.0	0.0	1491.0	0.00335345417261	0.00134138157591	0.0	0.0	1.22584951896e-05	1.40442657471	0.73121380806	0.0	23.8187656403
20090224	0.0	15195.0	0.0	1494.0	0.00334672024474	0.000669344037306	0.0	0.0	1.4858216673e-05	1.31994640827	0.728318154812	0.0	23.8684444427
20090225	0.0	15198.0	0.0	1494.0	0.00334672024474	0.000669344037306	0.0	0.0	1.36275184559e-05	1.37014722824	0.738509595394	0.0	23.6477279663
20090226	0.0	18422.0	0.0	1495.0	0.0033444815781	0.0	0.0	0.0	1.48819153765e-05	1.34983277321	0.715256690979	0.0	23.7772064209
20090227	0.0	18078.0	0.0	1494.0	0.00334672024474	0.0	0.0	0.0	1.39617159221e-05	1.65595710278	0.71534538269	0.0	24.0243663788
20090228	0.0	17816.0	0.0	1490.0	0.00268456386402	0.0	0.0	0.0	1.46008169395e-05	1.62147641182	0.714658856392	0.0	24.1694030762
20090301	0.0	17519.0	0.0	1492.0	0.00335120642558	0.000670241308399	0.0	0.0	2.83932295133e-05	1.63471853733	0.76438075304	0.0	23.286693573
20090302	0.0	20301.0	0.0	1493.0	0.00267916941084	0.0	0.0	0.0	1.35034988489e-05	1.61352980137	0.721317589283	0.0	23.2276000977
20090303	0.0	19802.0	0.0	1492.0	0.00268096523359	0.0	0.0	0.0	1.14705981105e-05	1.82104563713	0.784672439098	0.0	22.9244346619
20090304	0.0	19436.0	0.0	1493.0	0.00267916941084	0.0	0.0	0.0	1.08542799353e-05	1.76758205891	0.74354571104	0.0	22.5624027252
20090305	0.0	19030.0	0.0	1493.0	0.00267916941084	0.0	0.0	0.0	8.62950946612e-06	1.75418627262	0.608454465866	0.0	22.7566680908
20090306	0.0	18881.0	0.0	1490.0	0.00268456386402	0.0	0.0	0.0	7.57045245336e-06	1.75302016735	0.6361977458	0.0	22.263874054
20090307	0.0	18723.0	0.0	1490.0	0.00268456386402	0.0	0.0	0.0	5.81318090553e-06	1.69463086128	0.608335494995	0.0	22.836309433
20090308	0.0	18533.0	0.0	1495.0	0.00267558521591	0.0	0.0	0.0	4.64766981167e-06	1.71237456799	0.606867730618	0.0	23.0584259033
20090309	0.0	18349.0	0.0	1492.0	0.00268096523359	0.0	0.0	0.0	3.54048484041e-06	1.70576405525	0.535299360752	0.0	22.8798007965
20090310	0.0	18248.0	0.0	1495.0	0.00267558521591	0.000668896303978	0.0	0.0	2.72101692644e-06	1.65819394588	0.519833803177	0.0	23.2214508057
20090311	0.0	18132.0	0.0	1494.0	0.00267737614922	0.0	0.0	0.0	2.06399204217e-06	1.6606426239	0.644591033459	0.0	23.1581420898
20090312	0.0	18089.0	0.0	1494.0	0.00200803205371	0.000669344037306	0.0	0.0	1.57540364398e-06	1.67670679092	0.687321305275	0.0	22.9839687347
20090313	0.0	18133.0	0.0	1491.0	0.00201207236387	0.000670690787956	0.0	0.0	1.19552510114e-06	1.69148218632	0.67927312851	0.0	23.7115459442
20090314	0.0	17943.0	0.0	1491.0	0.00201207236387	0.000670690787956	0.0	0.0	9.19396541121e-07	1.65392363071	0.681488752365	0.0	23.9180908203
20090315	0.0	17953.0	0.0	1492.0	0.00201072380878	0.000670241308399	0.0	0.0	6.94825303071e-07	1.6112600565	0.696210384369	0.0	23.9237365723
20090316	0.0	18033.0	0.0	1488.0	0.00134408602025	0.000672043010127	0.0	0.0	5.53982545171e-07	1.62029564381	0.67543888092	0.0	24.0608654022
20090317	0.0	18507.0	0.0	1491.0	0.00134138157591	0.0	0.0	0.0	4.19002532226e-07	1.67605638504	0.728608906269	0.0	23.010471344
20090318	0.0	18392.0	0.0	1495.0	0.00200668885373	0.000668896303978	0.0	0.0	5.30471606908e-06	1.68963217735	0.724098920822	0.0	23.3072967529
20090319	0.0	18413.0	0.0	1496.0	0.00200534751639	0.000668449210934	0.0	0.0	4.55348163086e-06	1.60762035847	0.719264566898	0.0	23.8604621887
20090320	0.0	18416.0	0.0	1498.0	0.00200267019682	0.000667556771077	0.0	0.0	3.6148030631e-06	1.64218950272	0.715557038784	0.0	23.4686565399
20090321	0.0	18685.0	0.0	1496.0	0.00200534751639	0.0	0.0	0.0	2.83576491711e-06	1.68181824684	0.747530341148	0.0	22.8493747711
20090322	0.0	18712.0	0.0	1492.0	0.00201072380878	0.0	0.0	0.0	2.52537029155e-06	1.66219830513	0.668385922909	0.0	22.549703598
20090323	0.0	15045.0	0.0	1493.0	0.00200937711634	0.0	0.0	0.0	1.92377274288e-06	1.64434027672	0.709397912025	0.0	22.6514530182
20090324	0.0	15306.0	0.0	1493.0	0.00133958470542	0.0	0.0	0.0	1.17353408768e-06	1.41795039177	0.734060585499	0.0	22.67420578
20090325	0.0	15551.0	0.0	1490.0	0.00134228193201	0.000671140966006	0.0	0.0	8.89831369477e-07	1.36912751198	0.649017512798	0.0	23.0911388397
20090326	0.0	15743.0	0.0	1493.0	0.00133958470542	0.00066979235271	0.0	0.0	2.56131647802e-06	1.44876086712	0.593843340874	0.0	23.5076236725
20090327	0.0	19354.0	0.0	1494.0	0.00133868807461	0.000669344037306	0.0	0.0	1.94119593289e-06	1.44645249844	0.603096663952	0.0	23.5864219666
20090328	0.0	19123.0	0.0	1493.0	0.00133958470542	0.00066979235271	0.0	0.0	3.1943036447e-06	1.76155388355	0.656010985374	0.0	24.5797290802
20090329	0.0	18910.0	0.0	1494.0	0.00133868807461	0.0	0.0	0.0	2.45443311542e-06	1.77911651134	0.647720873356	0.0	24.5674495697
20090330	0.0	18716.0	0.0	1495.0	0.00200668885373	0.00133779260796	0.0	0.0	2.9931654808e-06	1.73913049698	0.637791156769	0.0	24.742231369
20090331	0.0	18614.0	0.0	1497.0	0.00200400804169	0.000668002699967	0.0	0.0	2.28759245147e-06	1.74081504345	0.649154603481	0.0	24.4145469666
20090401	0.0	18618.0	0.0	1495.0	0.00133779260796	0.0	0.0	0.0	2.36842765844e-06	1.70367896557	0.688620984554	0.0	24.8393611908
20090402	0.0	18452.0	0.0	1496.0	0.00133689842187	0.0	0.0	0.0	1.7949771518e-06	1.74732613564	0.682524085045	0.0	24.4603462219
20090403	0.0	18341.0	0.0	1496.0	0.00133689842187	0.0	0.0	0.0	2.29304282584e-06	1.64639043808	0.674086213112	0.0	24.8181209564
20090404	0.0	18335.0	0.0	1495.0	0.00133779260796	0.0	0.0	0.0	1.73877219822e-06	1.64682269096	0.683480381966	0.0	24.6557693481
20090405	0.0	18373.0	0.0	1497.0	0.00133600539993	0.0	0.0	0.0	2.99434600493e-06	1.68269872665	0.648186028004	0.0	24.8530025482
20090406	0.0	22341.0	0.0	1495.0	0.00133779260796	0.0	0.0	0.0	2.27366422223e-06	1.70167219639	0.690379738808	0.0	25.1506309509
20090407	0.0	21822.0	0.0	1494.0	0.00133868807461	0.0	0.0	0.0	2.99277257909e-06	2.05890226364	0.714934408665	0.0	25.0229167938
20090408	0.0	21646.0	0.0	1497.0	0.00133600539993	0.0	0.0	0.0	2.26550491789e-06	1.97595191002	0.718361854553	0.0	25.0393848419
20090409	0.0	21432.0	0.0	1495.0	0.00133779260796	0.0	0.0	0.0	2.40819031205e-06	1.93712377548	0.685101389885	0.0	25.440618515
20090410	0.0	20609.0	0.0	1496.0	0.00133689842187	0.0	0.0	0.0	1.82513338132e-06	1.91510689259	0.683368384838	0.0	25.4662036896
20090411	0.0	24662.0	0.0	1495.0	0.00133779260796	0.0	0.0	0.0	1.55335214913e-06	1.92307698727	0.695203185081	0.0	24.8757076263
20090412	0.0	24225.0	0.0	1495.0	0.000668896303978	0.0	0.0	0.0	1.17756690088e-06	2.30434775352	0.692652702332	0.0	25.1183567047
20090413	0.0	24398.0	0.0	1496.0	0.000668449210934	0.0	0.0	0.0	9.18234775327e-07	2.21256685257	0.686987578869	0.0	25.0728397369
20090414	0.0	23957.0	0.0	1501.0	0.000666222535074	0.0	0.0	0.0	6.93929223416e-07	2.22385072708	0.69949388504	0.0	25.4136772156
20090415	0.0	23548.0	0.0	1500.0	0.000666666659527	0.0	0.0	0.0	5.29554768036e-07	2.12933325768	0.707061588764	0.0	25.5806732178
20090416	0.0	23402.0	0.0	1496.0	0.000668449210934	0.0	0.0	0.0	4.02510323738e-07	2.15040111542	0.688788473606	0.0	25.0024986267
20090417	0.0	23156.0	0.0	1493.0	0.00066979235271	0.0	0.0	0.0	3.06074554146e-07	2.14266586304	0.752524316311	0.0	24.2165641785
20090418	0.0	27887.0	0.0	1494.0	0.000669344037306	0.0	0.0	0.0	2.31904522252e-07	2.06492638588	0.69646024704	0.0	24.2316551208
20090419	0.0	22504.0	0.0	1496.0	0.000668449210934	0.0	0.0	0.0	1.75591225116e-07	2.54679131508	0.724754869938	0.0	24.2959918976
20090420	0.0	22322.0	0.0	1498.0	0.000667556771077	0.0	0.0	0.0	1.3291177936e-07	2.06275033951	0.744830965996	0.0	25.4357643127
20090421	0.0	22296.0	0.0	1496.0	0.000668449210934	0.0	0.0	0.0	1.00990824592e-07	2.02406430244	0.779542267323	0.0	25.1686477661
20090422	0.0	22398.0	0.0	1494.0	0.0	0.0	0.0	0.0	7.65938708014e-08	2.06693434715	0.740759253502	0.0	25.2198638916
20090423	0.0	28094.0	0.0	1496.0	0.000668449210934	0.000668449210934	0.0	0.0	3.03851152239e-06	2.03342247009	0.722217559814	0.0	24.4641571045
20090424	0.0	27693.0	0.0	1494.0	0.000669344037306	0.000669344037306	0.0	0.0	3.18043453262e-06	2.60174012184	0.730814576149	0.0	24.3152275085
20090425	0.0	22438.0	0.0	1498.0	0.000667556771077	0.000667556771077	0.0	0.0	2.2789997729e-06	2.51535391808	0.782444119453	0.0	23.9088516235
20090426	0.0	22517.0	0.0	1500.0	0.000666666659527	0.000666666659527	0.0	0.0	2.19661887968e-06	2.01133322716	0.748744904995	0.0	24.3312587738
20090427	0.0	22409.0	0.0	1500.0	0.000666666659527	0.000666666659527	0.0	0.0	1.57375302479e-06	1.96333324909	0.779074430466	0.0	23.9313201904
20090428	0.0	23248.0	0.0	1500.0	0.000666666659527	0.000666666659527	0.0	0.0	2.25411190513e-06	1.98333334923	0.80651050806	0.0	23.3753166199
20090429	0.0	23062.0	0.0	1499.0	0.000667111424264	0.000667111424264	0.0	0.0	1.71041153862e-06	2.11674451828	0.791887462139	0.0	23.1344928741
20090430	0.0	23004.0	0.0	1502.0	0.00066577893449	0.00066577893449	0.0	0.0	3.29411682287e-06	2.10452723503	0.738912522793	83.810043335	24.1887283325
20090501	0.0	22950.0	0.0	1504.0	0.0	0.0	0.0	0.0	6.41296304948e-09	2.08577132225	0.661495566368	0.0	24.4079475403
20090502	0.0	22922.0	0.0	1505.0	0.0	0.0	0.0	0.0	4.86916418296e-09	2.06578063965	0.745817899704	0.0	23.5338153839
20090503	0.0	23050.0	0.0	1505.0	0.0	0.0	0.0	0.0	3.68906616366e-09	2.10830569267	0.748597025871	0.0	23.8874454498
20090504	0.0	18598.0	0.0	1503.0	0.0	0.0	0.0	0.0	2.79247891477e-09	2.09913492203	0.707147121429	0.0	24.5584831238
20090505	0.0	19053.0	0.0	1502.0	0.0	0.0	0.0	0.0	2.0926458344e-09	1.67243671417	0.771755337715	0.0	23.920217514
20090506	0.0	20118.0	0.0	1503.0	0.00066533597419	0.0	0.0	0.0	2.86354361378e-06	1.76713228226	0.770797848701	0.0	24.384929657
20090507	0.0	19406.0	0.0	1501.0	0.000666222535074	0.0	0.0	0.0	2.17415799852e-06	1.82811450958	0.77470690012	0.0	24.181470871
20090508	0.0	19679.0	0.0	1499.0	0.000667111424264	0.0	0.0	0.0	1.68600399775e-06	1.75583720207	0.760903358459	0.0	24.5307846069
20090509	0.0	19777.0	0.0	1500.0	0.0	0.0	0.0	0.0	6.85729528715e-10	1.79799997807	0.768856287003	0.0	24.5770339966
20090510	0.0	20071.0	0.0	1502.0	0.00066577893449	0.00066577893449	0.0	0.0	0.000204691299587	1.82689750195	0.756467521191	0.0	24.4630832672
20090511	0.0	21234.0	0.0	1504.0	0.0	0.0	0.0	0.0	3.94394572556e-10	1.82380318642	0.770835995674	0.0	23.785785675
20090512	0.0	21257.0	0.0	1506.0	0.0	0.0	0.0	0.0	2.97551511208e-10	1.88844621181	0.801457703114	0.0	23.6685733795
20090513	0.0	20423.0	0.0	1501.0	0.0	0.0	0.0	0.0	2.21976603765e-10	1.90539634228	0.759933292866	0.0	23.4304656982
20090514	0.0	20384.0	0.0	1501.0	0.0	0.0	0.0	0.0	1.72876990501e-10	1.84010660648	0.754534602165	0.0	23.3335895538
20090515	0.0	20534.0	0.0	1503.0	0.0	0.0	0.0	0.0	1.27789265281e-10	1.83965396881	0.763071298599	0.0	23.708688736
20090516	0.0	20681.0	0.0	1502.0	0.0	0.0	0.0	0.0	9.76412492526e-11	1.89280951023	0.821542322636	300.0	23.5447692871
20090517	0.0	20781.0	0.0	1501.0	0.0	0.0	0.0	0.0	7.31785673724e-11	1.91472351551	0.811976492405	242.695922852	23.0357761383
20090518	0.0	20833.0	0.0	1504.0	0.0	0.0	0.0	0.0	5.44054870599e-11	1.83244681358	0.789180219173	2.68090905872e-31	24.082775116
20090519	0.0	20914.0	0.0	1502.0	0.0	0.0	0.0	0.0	3.86388872287e-11	1.95073235035	0.827073037624	121.325340271	23.6735687256
20090520	0.0	21225.0	0.0	1503.0	0.0	0.0	0.0	0.0	2.83229845827e-11	1.88223552704	0.883740067482	0.0	22.2911586761
20090521	0.0	20871.0	0.0	1503.0	0.0	0.0	0.0	0.0	2.19993988304e-11	1.9407851696	0.830867767334	103.598831177	22.6076889038
20090522	0.0	20129.0	0.0	1501.0	0.0	0.0	0.0	0.0	1.51598369275e-11	1.93204534054	0.818097829819	0.0	23.2910308838
20090523	0.0	20175.0	0.0	1503.0	0.0	0.0	0.0	0.0	1.14757153433e-11	1.84431135654	0.833258092403	242.695922852	22.9706134796
20090524	0.0	16247.0	0.0	1501.0	0.0	0.0	0.0	0.0	8.20786147382e-12	1.85809457302	0.807812571526	0.0	23.5928230286
20090525	0.0	16681.0	0.0	1503.0	0.00066533597419	0.0	0.0	0.0	3.096492037e-06	1.51896214485	0.816084802151	0.0	23.6684303284
20090526	0.0	17080.0	0.0	1503.0	0.00066533597419	0.00066533597419	0.0	0.0	2.91004107567e-06	1.51297402382	0.790585398674	0.0	24.4929008484
20090527	0.0	17361.0	0.0	1505.0	0.0	0.0	0.0	0.0	3.50830562518e-12	1.58936870098	0.739582896233	0.0	24.9399166107
20090528	0.0	17634.0	0.0	1503.0	0.0	0.0	0.0	0.0	2.81037909958e-12	1.54557561874	0.724622011185	0.0	25.6330299377
20090529	0.0	17824.0	0.0	1500.0	0.0	0.0	0.0	0.0	2.11200002799e-12	1.6126666069	0.755778372288	0.0	24.8449325562
20090530	0.0	18097.0	0.0	1504.0	0.0	0.0	0.0	0.0	1.17021279819e-12	1.63164889812	0.748890399933	0.0	25.2467575073
20090531	0.0	18311.0	0.0	1503.0	0.0	0.0	0.0	0.0	9.36793069332e-13	1.66200935841	0.716540515423	0.0	24.5352020264
20090601	0.0	22399.0	0.0	1502.0	0.0	0.0	0.0	0.0	9.37416810842e-13	1.6278295517	0.69950479269	0.0	24.2556972504
20090602	0.0	22166.0	0.0	1506.0	0.000664010643959	0.000664010643959	0.0	0.0	3.85267912861e-06	2.02589654922	0.735181868076	37.515296936	24.7289505005
20090603	0.0	21918.0	0.0	1508.0	0.000663129962049	0.000663129962049	0.0	0.0	2.80644553641e-06	2.00066304207	0.741177499294	0.0	24.852060318
20090604	0.0	21679.0	0.0	1506.0	0.000664010643959	0.000664010643959	0.0	0.0	4.1358184717e-06	1.99668002129	0.721650540829	0.0	24.9113025665
20090605	0.0	23020.0	0.0	1506.0	0.000664010643959	0.000664010643959	0.0	0.0	3.09403048959e-06	1.99070382118	0.757798612118	0.0	24.2458152771
20090606	0.0	23921.0	0.0	1506.0	0.000664010643959	0.000664010643959	0.0	0.0	4.97614701089e-06	2.05843281746	0.762264728546	0.0	24.1565132141
20090607	0.0	23426.0	0.0	1507.0	0.000663570011966	0.000663570011966	0.0	0.0	3.7004610931e-06	2.1864631176	0.754681766033	0.0	24.4681625366
20090608	0.0	23675.0	0.0	1507.0	0.000663570011966	0.000663570011966	0.0	0.0	5.81264794164e-06	2.10285329819	0.772000789642	280.211212158	24.0680389404
20090609	0.0	28236.0	0.0	1503.0	0.00066533597419	0.00066533597419	0.0	0.0	4.26672113463e-06	2.13772463799	0.759423673153	0.0	24.0842323303
20090610	0.0	26616.0	0.0	1506.0	0.000664010643959	0.000664010643959	0.0	0.0	5.44071599506e-06	2.59760951996	0.802091479301	37.515296936	23.3951969147
20090611	0.0	27335.0	0.0	1507.0	0.000663570011966	0.0	0.0	0.0	3.94870721721e-06	2.42601203918	0.835944354534	1.58392711906e-20	23.3111934662
20090612	0.0	26549.0	0.0	1507.0	0.000663570011966	0.000663570011966	0.0	0.0	4.39978566646e-06	2.49635028839	0.797115087509	300.0	24.2155818939
20090613	0.0	26177.0	0.0	1504.0	0.000664893595967	0.0	0.0	0.0	3.15490729008e-06	2.42087769508	0.772495448589	300.0	24.3224239349
20090614	0.0	25791.0	0.0	1503.0	0.00066533597419	0.00066533597419	0.0	0.0	3.53882046511e-06	2.36393880844	0.788565099239	0.0	24.3646373749
20090615	0.0	25150.0	0.0	1505.0	0.000664451799821	0.000664451799821	0.0	0.0	2.4307807962e-06	2.29700994492	0.763888657093	19.7887878418	24.6394252777
20090616	0.0	20337.0	0.0	1507.0	0.000663570011966	0.000663570011966	0.0	0.0	3.03010392599e-06	2.29329800606	0.779482841492	216.189956665	24.146692276
20090617	0.0	20476.0	0.0	1512.0	0.000661375641357	0.000661375641357	0.0	0.0	2.10426355807e-06	1.88756620884	0.76026558876	0.0	24.6194629669
20090618	0.0	20704.0	0.0	1510.0	0.000662251666654	0.000662251666654	0.0	0.0	3.46057254319e-06	1.82317876816	0.791729807854	0.0	24.7447814941
20090619	0.0	21533.0	1.0	1509.0	0.00132538110483	0.000662690552417	0.0	0.0	2.68252438218e-06	1.8290258646	0.763768255711	242.695922852	25.164018631
20090620	0.0	21457.0	0.0	1509.0	0.00132538110483	0.000662690552417	0.0	0.0	4.09338508689e-06	1.94300854206	0.759777545929	0.0	24.8271541595
20090621	0.0	21400.0	0.0	1510.0	0.00132450333331	0.000662251666654	0.0	0.0	3.31758906214e-06	1.94238400459	0.793129265308	1.27611694937e-30	24.8352127075
20090622	0.0	21560.0	0.0	1507.0	0.00199070991948	0.00132714002393	0.0	0.0	6.82597019477e-05	1.91838085651	0.804040014744	0.0	24.9376049042
20090623	0.0	21658.0	0.0	1505.0	0.00132890359964	0.000664451799821	0.0	0.0	3.94657354263e-06	1.94617938995	0.718480587006	0.0	25.2752685547
20090624	0.0	21619.0	0.0	1508.0	0.0013262599241	0.000663129962049	0.0	0.0	7.69776124798e-06	1.88063669205	0.703857302666	0.0	25.9133014679
20090625	0.0	26240.0	0.0	1505.0	0.00132890359964	0.000664451799821	0.0	0.0	5.76262846153e-06	2.0093023777	0.682355642319	0.0	26.0247116089
20090626	0.0	26666.0	0.0	1506.0	0.00132802128792	0.000664010643959	0.0	0.0	1.06075431177e-05	2.421646595	0.713614225388	0.0	25.8666572571
20090627	0.0	27452.0	0.0	1506.0	0.00132802128792	0.000664010643959	0.0	0.0	7.53871472625e-06	2.34661340714	0.671433568001	0.0	25.992143631
20090628	0.0	27150.0	0.0	1505.0	0.00132890359964	0.000664451799821	0.0	0.0	1.25381220641e-05	2.50697660446	0.6304012537	0.0	25.35064888
20090629	0.0	26846.0	0.0	1506.0	0.00132802128792	0.000664010643959	0.0	0.0	9.65943127085e-06	2.47078347206	0.625076055527	0.0	25.6868038177
20090630	0.0	33642.0	0.0	1505.0	0.00132890359964	0.000664451799821	0.0	0.0	1.30157022795e-05	2.44651174545	0.676632583141	0.0	25.9444789886
20090701	0.0	34199.0	0.0	1508.0	0.0013262599241	0.000663129962049	0.0	0.0	1.07692176243e-05	2.99403190613	0.615988135338	0.0	26.4034156799
20090702	0.0	31994.0	0.0	1507.0	0.00199070991948	0.0	0.0	0.0	1.41972186611e-05	3.0696747303	0.683515191078	262.484710693	26.5427513123
20090703	0.0	31161.0	0.0	1506.0	0.00199203193188	0.0	0.0	0.0	1.08932617877e-05	2.91567063332	0.701381742954	2.60046643911e-33	26.4224319458
20090704	0.0	31870.0	0.0	1507.0	0.00199070991948	0.00132714002393	0.0	0.0	1.18629241115e-05	2.82282686234	0.730013668537	0.0	26.3453197479
20090705	0.0	31164.0	0.0	1505.0	0.00132890359964	0.000664451799821	0.0	0.0	8.43071848067e-06	2.82325577736	0.911470770836	0.0	23.5779285431
20090706	0.0	38153.0	0.0	1505.0	0.00132890359964	0.000664451799821	0.0	0.0	9.96852577373e-06	2.86710977554	0.665299057961	242.695922852	25.9554634094
20090707	0.0	30718.0	0.0	1505.0	0.00132890359964	0.000664451799821	0.0	0.666666666667	7.56231702326e-06	3.45980072021	0.6674669981	0.0	26.4228820801
20090708	0.0	36458.0	0.0	1504.0	0.00132978719193	0.00132978719193	0.0	0.0	9.87810381048e-06	2.77859044075	0.64722931385	0.0	26.0427093506
20090709	0.0	35390.0	0.0	1501.0	0.00133244507015	0.0	0.0	0.0	7.49567198e-06	3.34443688393	0.732663214207	0.0	25.9607753754
20090710	0.0	35489.0	0.0	1499.0	0.00133422284853	0.0	0.0	0.0	8.4538705778e-06	3.25683784485	0.657940745354	0.0	24.9972133636
20090711	0.0	34776.0	0.0	1501.0	0.00133244507015	0.0	0.0	0.0	6.37660878056e-06	3.28514313698	0.706840991974	0.0	25.5661392212
20090712	0.0	34108.0	0.0	1498.0	0.00133511354215	0.0	0.0	0.0	6.16521128904e-06	3.19425916672	0.67345225811	0.0	25.5656890869
20090713	0.0	33436.0	0.0	1498.0	0.00133511354215	0.000667556771077	0.0	0.0	4.62539446744e-06	3.18958616257	0.634652197361	0.0	26.1200218201
20090714	0.0	32759.0	0.0	1498.0	0.00133511354215	0.0	0.0	0.0	3.78169124815e-06	3.02469968796	0.619491934776	0.0	26.5840511322
20090715	0.0	33941.0	0.0	1503.0	0.00133067194838	0.00066533597419	0.0	0.0	2.78762991002e-06	3.03393220901	0.67863458395	0.0	26.7960472107
20090716	0.0	33663.0	0.0	1501.0	0.00133244507015	0.000666222535074	0.0	0.0	2.12062604987e-06	3.12924718857	0.633652210236	0.0	27.0278244019
20090717	0.0	32759.0	0.0	1502.0	0.00133155786898	0.0	0.0	0.0	1.52335042003e-06	2.96338224411	0.625919520855	0.0	26.538230896
20090718	0.0	32325.0	0.0	1503.0	0.00133067194838	0.00066533597419	0.0	0.0	1.12956615794e-06	3.06453752518	0.741223633289	0.0	25.4364051819
20090719	0.0	34102.0	0.0	1503.0	0.00066533597419	0.00066533597419	0.0	0.0	8.11639495168e-07	3.00598812103	0.75919342041	0.0	24.8542919159
20090720	0.0	33517.0	0.0	1505.0	0.000664451799821	0.000664451799821	0.0	0.0	7.08767800006e-07	3.15083050728	0.766585528851	0.0	24.6907062531
20090721	0.0	34738.0	0.0	1507.0	0.000663570011966	0.000663570011966	0.0	0.0	5.34440857791e-07	3.11147975922	0.768412768841	300.0	24.3639316559
20090722	0.0	33059.0	0.0	1504.0	0.000664893595967	0.000664893595967	0.0	0.0	6.29033877431e-07	3.09441494942	0.723065674305	0.0	26.5031070709
20090723	0.0	35636.0	0.0	1506.0	0.000664010643959	0.000664010643959	0.0	0.0	4.87062948196e-07	3.11952185631	0.68469363451	0.0	26.5652179718
20090724	0.0	34913.0	0.0	1505.0	0.000664451799821	0.000664451799821	0.0	0.0	8.03142825134e-07	3.26378726959	0.690436601639	0.0	26.5445213318
20090725	0.0	34298.0	0.0	1501.0	0.000666222535074	0.000666222535074	0.0	0.0	5.80346750212e-07	3.18920707703	0.720883607864	0.0	25.9175033569
20090726	0.0	33724.0	0.0	1503.0	0.00066533597419	0.00066533597419	0.0	0.0	1.41038628954e-06	3.07984042168	0.624996781349	37.515296936	25.8646373749
20090727	0.0	33202.0	0.0	1500.0	0.000666666659527	0.000666666659527	0.0	0.0	1.06233233055e-06	3.1400001049	0.646356880665	0.0	26.414100647
20090728	0.0	32895.0	0.0	1504.0	0.000664893595967	0.000664893595967	0.0	0.0	3.00248620988e-06	2.97672867775	0.66776996851	0.0	26.3925380707
20090729	0.0	32371.0	0.0	1507.0	0.000663570011966	0.000663570011966	0.0	0.0	2.34303024627e-06	2.95554089546	0.617388188839	0.0	26.2784061432
20090730	0.0	32286.0	0.0	1503.0	0.00066533597419	0.00066533597419	0.0	0.0	4.84833572045e-06	2.94011974335	0.679947912693	0.0	25.8752307892
20090731	0.0	32169.0	0.0	1501.0	0.0	0.0	0.0	0.0	2.80255662427e-11	2.9147233963	0.655032217503	242.695922852	26.0575218201
20090801	0.0	31824.0	0.0	1500.0	0.000666666659527	0.000666666659527	0.0	0.0	4.70531085739e-06	2.83466672897	0.620656132698	0.0	25.5895519257
20090802	0.0	31450.0	0.0	1502.0	0.00066577893449	0.00066577893449	0.0	0.0	3.30487773681e-06	2.87949419022	0.717004418373	0.0	25.3937397003
20090803	0.0	31672.0	0.0	1503.0	0.00066533597419	0.00066533597419	0.0	0.0	4.07457946494e-06	2.91417169571	0.696367383003	0.0	25.4454593658
20090804	0.0	31506.0	0.0	1504.0	0.000664893595967	0.000664893595967	0.0	0.0	2.89193303615e-06	2.84441494942	0.695857822895	242.695922852	25.7896461487
20090805	0.0	31565.0	0.0	1502.0	0.00066577893449	0.00066577893449	0.0	0.0	3.89094930142e-06	2.89813566208	0.69031304121	0.0	25.9369468689
20090806	0.0	31196.0	0.0	1505.0	0.000664451799821	0.000664451799821	0.0	0.0	3.00957390209e-06	2.85249185562	0.634278595448	0.0	26.4299545288
20090807	0.0	33627.0	0.0	1504.0	0.000664893595967	0.000664893595967	0.0	0.0	4.01080933443e-06	2.79587745667	0.693878114223	216.189956665	26.199848175
20090808	0.0	33367.0	0.0	1503.0	0.00066533597419	0.00066533597419	0.0	0.0	3.26253007188e-06	3.06254148483	0.644530057907	0.0	26.318107605
20090809	0.0	32765.0	0.0	1504.0	0.000664893595967	0.000664893595967	0.0	0.0	4.54086375612e-06	3.00598406792	0.698401391506	0.0	25.5386981964
20090810	0.0	32301.0	0.0	1504.0	0.000664893595967	0.000664893595967	0.0	0.0	3.48435310116e-06	2.97273921967	0.733475625515	0.0	25.2694549561
20090811	0.0	32106.0	0.0	1506.0	0.000664010643959	0.0	0.0	0.0	5.65194022784e-06	2.87914991379	0.697217345238	0.0	25.7801609039
20090812	0.0	32010.0	0.0	1507.0	0.000663570011966	0.0	0.0	0.0	4.286098374e-06	2.91373586655	0.789724469185	280.211212158	24.3188743591
20090813	0.0	31797.0	0.0	1505.0	0.000664451799821	0.0	0.0	0.0	7.93050639913e-06	2.89900326729	0.718321919441	242.695922852	25.2173976898
20090814	0.0	31409.0	0.0	1504.0	0.000664893595967	0.0	0.0	0.0	6.02472755418e-06	2.88297867775	0.706231892109	0.0	25.3269195557
20090815	0.0	25476.0	0.0	1502.0	0.00066577893449	0.0	0.0	0.0	1.03219836092e-05	2.82756328583	0.738950431347	0.0	25.3169136047
20090816	0.0	25875.0	0.0	1503.0	0.00066533597419	0.0	0.0	0.0	7.83382984082e-06	2.29807066917	0.798187017441	141.114135742	24.7644691467
20090817	0.0	26241.0	0.0	1503.0	0.00066533597419	0.0	0.0	0.0	9.86397844827e-06	2.29607439041	0.715837419033	300.0	25.670841217
20090818	0.0	28072.0	0.0	1504.0	0.000664893595967	0.0	0.0	0.0	7.48452885091e-06	2.41223406792	0.781793773174	300.0	25.7690696716
20090819	0.0	28103.0	0.0	1500.0	0.000666666659527	0.0	0.0	0.0	7.62058152759e-06	2.56666660309	0.710882484913	0.0	24.9903278351
20090820	0.0	28142.0	0.0	1500.0	0.000666666659527	0.0	0.0	0.0	5.7843481045e-06	2.56200003624	0.75097823143	0.0	25.2410430908
20090821	0.0	28165.0	0.0	1502.0	0.00066577893449	0.0	0.0	0.0	4.85365308123e-06	2.53728365898	0.74534112215	0.0	25.5170383453
20090822	0.0	29561.0	0.0	1501.0	0.000666222535074	0.0	0.0	0.0	3.68499468095e-06	2.57161903381	0.732758879662	0.0	25.5669689178
20090823	0.0	29598.0	0.0	1500.0	0.000666666659527	0.000666666659527	0.0	0.0	2.86973113361e-06	2.6779999733	0.753981888294	300.0	25.2492542267
20090824	0.0	29168.0	0.0	1501.0	0.000666222535074	0.0	0.0	0.0	2.1746350285e-06	2.6935377121	0.78017616272	0.0	25.5190258026
20090825	0.0	30308.0	0.0	1500.0	0.000666666659527	0.0	0.0	0.0	1.65873223068e-06	2.67599987984	0.766829907894	0.0	25.4573364258
20090826	0.0	29868.0	0.0	1502.0	0.00066577893449	0.0	0.0	0.0	1.25567805753e-06	2.8175766468	0.719563364983	0.0	26.0484390259
20090827	0.0	29546.0	0.0	1504.0	0.000664893595967	0.0	0.0	0.0	9.51797119342e-07	2.69614362717	0.722798705101	0.0	26.0915851593
20090828	0.0	29216.0	0.0	1502.0	0.00066577893449	0.0	0.0	0.0	7.2214680813e-07	2.65179777145	0.731599092484	0.0	25.7993679047
20090829	0.0	29012.0	0.0	1500.0	0.000666666659527	0.0	0.0	0.0	5.48623518171e-07	2.69533348083	0.739801645279	0.0	25.22615242
20090830	0.0	30546.0	0.0	1506.0	0.000664010643959	0.0	0.0	0.0	4.13887420336e-07	2.63479423523	0.768497049809	19.7887878418	24.8959159851
20090831	0.0	30368.0	0.0	1505.0	0.000664451799821	0.0	0.0	0.0	3.14190288009e-07	2.8192691803	0.80812984705	0.0	24.7494182587
20090901	0.0	29895.0	0.0	1503.0	0.00066533597419	0.0	0.0	0.0	2.38288336618e-07	2.7591483593	0.722262680531	0.0	25.8226222992
20090902	0.0	29531.0	0.0	1502.0	0.00066577893449	0.00066577893449	0.0	0.0	1.81327109772e-07	2.73568582535	0.724609434605	0.0	26.2136096954
20090903	0.0	30458.0	0.0	1500.0	0.000666666659527	0.0	0.0	0.0	1.3739541771e-07	2.70466685295	0.83363711834	0.0	25.8325271606
20090904	0.0	31789.0	0.0	1502.0	0.00066577893449	0.00066577893449	0.0	0.0	1.05418507701e-07	2.78229022026	0.842272400856	0.0	24.6083526611
20090905	0.0	33029.0	0.0	1501.0	0.000666222535074	0.0	0.0	0.0	7.95375001417e-08	2.92405056953	0.756721794605	0.0	25.7667140961
20090906	0.0	32042.0	0.0	1499.0	0.000667111424264	0.0	0.0	0.0	6.38352943838e-08	3.02334880829	0.764419019222	0.0	25.4958839417
20090907	0.0	31747.0	0.0	1501.0	0.000666222535074	0.0	0.0	0.0	4.77910688801e-08	2.84743499756	0.782196819782	0.0	24.9171295166
20090908	0.0	31189.0	0.0	1500.0	0.000666666659527	0.000666666659527	0.0	0.0	4.41857395117e-08	2.88666653633	0.740161478519	300.0	25.4081020355
20090909	0.0	30657.0	0.0	1499.0	0.000667111424264	0.000667111424264	0.0	0.0	3.26148281715e-08	2.85323548317	0.741476416588	300.0	25.4953403473
20090910	0.0	32485.0	0.0	1506.0	0.000664010643959	0.000664010643959	0.0	0.0	4.18836059168e-08	2.87051796913	0.710326969624	0.0	26.0909500122
20090911	0.0	31708.0	0.0	1504.0	0.000664893595967	0.0	0.0	0.0	3.13303090138e-08	2.990026474	0.789335668087	0.0	25.5547237396
20090912	0.0	31374.0	0.0	1505.0	0.000664451799821	0.000664451799821	0.0	0.0	6.578118672e-08	2.84186053276	0.777690827847	0.0	25.2232379913
20090913	0.0	30832.0	0.0	1505.0	0.000664451799821	0.000664451799821	0.0	0.0	4.96494685365e-08	2.82392024994	0.786801576614	0.0	24.9598999023
20090914	0.0	30308.0	0.0	1503.0	0.00066533597419	0.00066533597419	0.0	0.0	1.36829655162e-07	2.81170988083	0.783845901489	103.598831177	25.4352455139
20090915	0.0	30312.0	0.0	1502.0	0.00066577893449	0.0	0.0	0.0	1.04110618793e-07	2.76498007774	0.780329883099	262.484710693	25.0945148468
20090916	0.0	30061.0	0.0	1503.0	0.00066533597419	0.00066533597419	0.0	0.0	2.94975905035e-07	2.74451088905	0.771060228348	0.0	24.8089981079
20090917	0.0	29789.0	0.0	1502.0	0.00066577893449	0.00066577893449	0.0	0.0	2.15209652765e-07	2.75765633583	0.803053021431	300.0	24.8256816864
20090918	0.0	29606.0	0.0	1504.0	0.000664893595967	0.000664893595967	0.0	0.0	6.1060148937e-07	2.70744681358	0.782222270966	141.114135742	25.242603302
20090919	0.0	29578.0	0.0	1505.0	0.000664451799821	0.000664451799821	0.0	0.0	4.66157530354e-07	2.67308974266	0.798410892487	300.0	24.7366027832
20090920	0.0	29607.0	0.0	1506.0	0.000664010643959	0.000664010643959	0.0	0.0	1.44534567426e-06	2.59495353699	0.813994646072	141.114135742	24.3756389618
20090921	0.0	29829.0	0.0	1502.0	0.00066577893449	0.0	0.0	0.0	1.12346140213e-06	2.73568558693	0.793748319149	141.114135742	24.6753864288
20090922	0.0	29588.0	0.0	1505.0	0.000664451799821	0.000664451799821	0.0	0.0	2.21742016038e-06	2.66445183754	0.84853386879	242.695922852	23.9026374817
20090923	0.0	29412.0	0.0	1509.0	0.00132538110483	0.000662690552417	0.0	0.0	1.71037777363e-06	2.67196822166	0.801370441914	0.0	24.6432933807
20090924	0.0	29176.0	0.0	1506.0	0.000664010643959	0.000664010643959	0.0	0.0	2.41653697231e-06	2.63545823097	0.822157859802	0.0	24.8565826416
20090925	0.0	29003.0	0.0	1507.0	0.000663570011966	0.0	0.0	0.0	1.83176553037e-06	2.65427994728	0.77737569809	0.0	25.0099239349
20090926	0.0	23348.0	0.0	1505.0	0.000664451799821	0.0	0.0	0.0	2.48170749728e-06	2.60132884979	0.783196806908	0.0	25.2401371002
20090927	0.0	25818.0	0.0	1505.0	0.000664451799821	0.0	0.0	0.0	1.8817839873e-06	2.10697674751	0.781918942928	0.0	25.9559726715
20090928	0.0	27364.0	0.0	1504.0	0.000664893595967	0.0	0.0	0.0	3.23311473949e-06	2.35638308525	0.713291823864	0.0	25.5640010834
20090929	0.0	27194.0	0.0	1502.0	0.00066577893449	0.0	0.0	0.0	2.45483465733e-06	2.50066590309	0.728845775127	0.0	25.646982193
20090930	0.0	26927.0	0.0	1506.0	0.000664010643959	0.0	0.0	0.0	3.40914675689e-06	2.47011947632	0.767835080624	0.0	25.3651428223
20091001	0.0	26813.0	0.0	1505.0	0.000664451799821	0.0	0.0	0.0	2.5870256195e-06	2.45448493958	0.766989707947	0.0	25.3345737457
20091002	0.0	26989.0	0.0	1507.0	0.000663570011966	0.0	0.0	0.0	2.8721246963e-06	2.42335772514	0.804877340794	300.0	25.0840835571
20091003	0.0	27157.0	0.0	1507.0	0.000663570011966	0.0	0.0	0.0	2.17854540097e-06	2.48706054688	0.79326403141	0.0	25.0470237732
20091004	0.0	34311.0	0.0	1504.0	0.000664893595967	0.0	0.0	0.0	1.90012201529e-06	2.41489362717	0.771237313747	242.695922852	25.493057251
20091005	0.0	35204.0	0.0	1503.0	0.00066533597419	0.0	0.0	0.0	1.44178898154e-06	3.08915495872	0.775736272335	0.0	25.8648815155
20091006	0.0	35044.0	0.0	1500.0	0.000666666659527	0.0	0.0	0.0	1.1351263538e-06	3.31200003624	0.784654736519	0.0	25.7611351013
20091007	0.0	35922.0	0.0	1505.0	0.000664451799821	0.0	0.0	0.0	8.57762245232e-07	3.14551496506	0.800200462341	0.0	25.5285205841
20091008	0.0	35695.0	0.0	1508.0	0.000663129962049	0.0	0.0	0.0	6.53768438497e-07	3.35676407814	0.778514385223	0.0	25.7417240143
20091009	0.0	35470.0	0.0	1504.0	0.000664893595967	0.0	0.0	0.0	4.96814436701e-07	3.28590416908	0.799801945686	0.0	25.4506645203
20091010	0.0	35950.0	0.0	1504.0	0.000664893595967	0.0	0.0	0.0	3.76950879399e-07	3.29255318642	0.809291064739	0.0	25.7270088196
20091011	0.0	34979.0	0.0	1504.0	0.000664893595967	0.0	0.0	0.0	2.858184871e-07	3.18417549133	0.80732524395	0.0	25.5601921082
20091012	0.0	33256.0	0.0	1505.0	0.000664451799821	0.0	0.0	0.0	2.16490107618e-07	3.12026572227	0.801370203495	0.0	25.3440074921
20091013	0.0	32987.0	0.0	1505.0	0.000664451799821	0.0	0.0	0.0	1.64126802815e-07	2.98737549782	0.835466742516	57.3040847778	25.1330223083
20091014	0.0	32702.0	0.0	1507.0	0.000663570011966	0.0	0.0	0.0	1.24324472495e-07	2.98938298225	0.838054180145	300.0	24.8044452667
20091015	0.0	32120.0	0.0	1509.0	0.0	0.0	0.0	0.0	9.41070155136e-08	2.94897294044	0.824011743069	0.0	25.2316684723
20091016	0.0	31276.0	0.0	1506.0	0.0	0.0	0.0	0.0	7.1498199361e-08	2.89442229271	0.791103720665	0.0	25.6216392517
20091017	0.0	30592.0	0.0	1503.0	0.0	0.0	0.0	0.0	5.42875220333e-08	2.87491679192	0.767197430134	300.0	25.358997345
20091018	0.0	30382.0	0.0	1506.0	0.0	0.0	0.0	0.0	4.11514058385e-08	2.76560401917	0.788277626038	280.211212158	25.1422290802
20091019	0.0	30245.0	0.0	1507.0	0.0	0.0	0.0	0.0	3.11219565674e-08	2.69343066216	0.810032844543	280.211212158	25.0095062256
20091020	0.0	33367.0	0.0	1508.0	0.0	0.0	0.0	0.0	2.36120580865e-08	2.81564998627	0.806894123554	19.7887878418	24.7871398926
20091021	0.0	33111.0	0.0	1506.0	0.0	0.0	0.0	0.0	1.79512902321e-08	2.98738384247	0.776691198349	0.0	24.3416213989
20091022	0.0	33903.0	0.0	1505.0	0.0	0.0	0.0	0.0	1.35912712196e-08	3.08438539505	0.858102083206	0.0	23.2508354187
20091023	0.0	33504.0	0.0	1504.0	0.0	0.0	0.0	0.0	1.0338046863e-08	3.21476054192	0.787791788578	300.0	24.6468658447
20091024	0.0	32965.0	0.0	1504.0	0.0	0.0	0.0	0.0	7.84061349179e-09	3.05319166183	0.881169259548	83.810043335	24.9993572235
20091025	0.0	32576.0	0.0	1505.0	0.0	0.0	0.0	0.0	5.93930149506e-09	3.01993346214	0.82110953331	57.3040847778	24.8919906616
20091026	0.0	32380.0	0.0	1505.0	0.0	0.0	0.0	0.0	4.50020554155e-09	2.95348858833	0.774387538433	0.0	25.033411026
20091027	0.0	26079.0	0.0	1505.0	0.0	0.0	0.0	0.0	3.42152484123e-09	3.0	0.760724246502	0.0	25.3937187195
20091028	0.0	26472.0	0.0	1508.0	0.0	0.0	0.0	0.0	2.59261034863e-09	2.35013270378	0.794486701488	0.0	25.4210987091
20091029	0.0	26470.0	0.0	1509.0	0.0	0.0	0.0	0.0	1.96340610437e-09	2.34658718109	0.808134317398	0.0	24.8207836151
20091030	0.0	26706.0	0.0	1508.0	0.0	0.0	0.0	0.0	1.48946255329e-09	2.42639255524	0.715749382973	0.0	24.5320930481
20091031	0.0	26708.0	0.0	1503.0	0.0	0.0	0.0	0.0	1.12836628929e-09	2.3845641613	0.836324930191	0.0	24.8134727478
20091101	0.0	27229.0	0.0	1510.0	0.0	0.0	0.0	0.0	8.48296155542e-10	2.47947025299	0.771123230457	0.0	25.0475158691
20091102	0.0	28573.0	0.0	1508.0	0.0	0.0	0.0	0.0	6.51713183419e-10	2.53116726875	0.753096580505	0.0	24.9530353546
20091103	0.0	28320.0	0.0	1507.0	0.0	0.0	0.0	0.0	4.95182284066e-10	2.59588599205	0.773758351803	0.0	24.4051055908
20091104	0.0	28122.0	0.0	1508.0	0.0	0.0	0.0	0.0	3.75108666351e-10	2.51259946823	0.77212613821	0.0	24.7048358917
20091105	0.0	29557.0	0.0	1507.0	0.0	0.0	0.0	0.0	2.753867967e-10	2.50895833969	0.797053992748	0.0	24.1320285797
20091106	0.0	31118.0	0.0	1501.0	0.0	0.0	0.0	0.0	2.07776115757e-10	2.61758828163	0.786926567554	0.0	24.9220638275
20091107	0.0	32237.0	0.0	1503.0	0.0	0.0	0.0	0.0	1.65343960745e-10	2.87957429886	0.843327641487	0.0	24.1839485168
20091108	0.0	31796.0	0.0	1502.0	0.0	0.0	0.0	0.0	1.22098525734e-10	2.96870827675	0.869537651539	0.0	23.2852935791
20091109	0.0	31200.0	0.0	1504.0	0.0	0.0	0.0	0.0	9.38510519299e-11	2.87300515175	0.794491529465	0.0	23.6400585175
20091110	0.0	30785.0	0.0	1506.0	0.0	0.0	0.0	0.0	6.84833995068e-11	2.84993362427	0.75590389967	0.0	24.0517120361
20091111	0.0	31818.0	0.0	1502.0	0.0	0.0	0.0	0.0	5.29640463431e-11	2.78162455559	0.778154551983	0.0	24.2251224518
20091112	0.0	31780.0	0.0	1504.0	0.0	0.0	0.0	0.0	4.02553164414e-11	2.854388237	0.786748230457	0.0	25.1382274628
20091113	0.0	30337.0	0.0	1507.0	0.0	0.0	0.0	0.0	2.91970787825e-11	2.9376244545	0.831881821156	0.0	24.9856281281
20091114	0.0	29802.0	0.0	1509.0	0.0	0.0	0.0	0.0	2.16938376985e-11	2.7468521595	0.841339588165	0.0	24.4986858368
20091115	0.0	29277.0	0.0	1508.0	0.0	0.0	0.0	0.0	1.82068960602e-11	2.70557045937	0.758569419384	0.0	23.9956798553
20091116	0.0	28867.0	0.0	1504.0	0.0	0.0	0.0	0.0	1.38085107584e-11	2.65957450867	0.754891991615	0.0	23.5571517944
20091117	0.0	28597.0	0.0	1500.0	0.000666666659527	0.000666666659527	0.0	0.0	0.000332210125634	2.68933343887	0.734552800655	0.0	24.2096824646
20091118	0.0	28077.0	0.0	1502.0	0.00066577893449	0.00066577893449	0.0	0.0	0.000427196500823	2.55925416946	0.703940749168	0.0	24.3505516052
20091119	0.0	22567.0	0.0	1504.0	0.000664893595967	0.000664893595967	0.0	0.0	0.000377476622816	2.54920220375	0.742957115173	0.0	24.6421470642
20091120	0.0	23325.0	0.0	1503.0	0.0	0.0	0.0	0.0	4.21556886621e-12	2.02794408798	0.754143297672	0.0	25.2319736481
20091121	0.0	23478.0	0.0	1504.0	0.0	0.0	0.0	0.0	2.80851058555e-12	2.16821813583	0.754503846169	0.0	25.4440517426
20091122	0.0	23665.0	0.0	1504.0	0.0	0.0	0.0	0.0	1.87234039037e-12	2.14428186417	0.731340646744	0.0	25.9619140625
20091123	0.0	29549.0	0.0	1504.0	0.0	0.0	0.0	0.0	1.40425529278e-12	2.15558505058	0.730826199055	0.0	25.5959854126
20091124	0.0	29148.0	0.0	1505.0	0.0	0.0	0.0	0.0	2.39500308474e-10	2.72026586533	0.707057535648	0.0	25.0498981476
20091125	0.0	28742.0	0.0	1502.0	0.0	0.0	0.0	0.0	2.34354175606e-13	2.67776298523	0.720610320568	0.0	25.0979576111
20091126	0.0	28685.0	0.0	1503.0	0.0	0.0	0.0	0.0	0.0	2.6407186985	0.761437535286	0.0	25.0677528381
20091127	0.0	28335.0	0.0	1504.0	0.0	0.0	0.0	0.0	0.0	2.65226054192	0.772566437721	0.0	24.9272212982
20091128	0.0	28338.0	0.0	1504.0	0.0	0.0	0.0	0.0	0.0	2.61569166183	0.821289241314	0.0	24.6595115662
20091129	0.0	28125.0	0.0	1505.0	0.0	0.0	0.0	0.0	0.0	2.54817271233	0.736131310463	0.0	24.8048400879
20091130	0.0	27549.0	0.0	1501.0	0.0	0.0	0.0	0.0	0.0	2.52431702614	0.734394788742	0.0	24.8411979675
20091201	3.66300373571e-05	27300.0	0.0	1502.0	0.0	0.0	0.0	0.0	0.0	2.53328895569	0.690180242062	0.0	25.087348938
20091202	3.68188520952e-05	27160.0	0.0	1501.0	0.0	0.0	0.0	0.0	0.0	2.49100589752	0.683572173119	0.0	25.4781665802
20091203	3.70109919459e-05	27019.0	0.0	1501.0	0.0	0.0	0.0	0.0	0.0	2.52165222168	0.661615490913	0.0	25.1039867401
20091204	3.10125615215e-05	32245.0	0.0	1501.0	0.0	0.0	0.0	0.0	0.0	2.43104600906	0.840388536453	0.0	24.7115421295
20091205	3.28623063979e-05	30430.0	0.0	1498.0	0.0	0.0	0.000667556771077	0.0	0.0	3.01468610764	0.738295376301	0.0	25.1200447083
20091206	0.0	29879.0	1.0	1500.0	0.0	0.0	0.0	0.0	0.0	2.74866676331	0.71089977026	0.0	24.9227390289
20091207	0.0	29188.0	0.0	1503.0	0.00066533597419	0.0	0.0	0.0	0.0	2.72122430801	0.771465063095	0.0	24.1909980774
20091208	0.0	28941.0	0.0	1504.0	0.00132978719193	0.0	0.0	0.0	9.20040577057e-08	2.5777926445	0.658585786819	0.0	24.9351501465
20091209	0.0	29815.0	0.0	1502.0	0.00066577893449	0.0	0.0	0.0	0.0	2.61185097694	0.699563622475	0.0	24.8065509796
20091210	0.0	23880.0	0.0	1503.0	0.00066533597419	0.0	0.0	0.0	0.0	2.72721219063	0.694124758244	0.0	24.4558944702
20091211	0.0	24028.0	0.0	1504.0	0.000664893595967	0.0	0.0	0.0	0.0	2.15625	0.672175049782	0.0	24.8313808441
20091212	0.0	24262.0	0.0	1504.0	0.000664893595967	0.0	0.0	0.0	0.0	2.19614362717	0.67435669899	0.0	23.9425888062
20091213	0.0	24324.0	0.0	1504.0	0.000664893595967	0.0	0.0	0.0	0.0	2.26396274567	0.64350348711	0.0	24.2299346924
20091214	0.0	24622.0	0.0	1504.0	0.000664893595967	0.0	0.0	0.0	0.0	2.24800539017	0.658904075623	0.0	24.4353370667
20091215	0.0	24648.0	0.0	1502.0	0.00066577893449	0.0	0.0	0.0	0.0	2.20705723763	0.651702046394	0.0	24.4148178101
20091216	0.0	24804.0	1.0	1500.0	0.00133333331905	0.0	0.0	0.0	0.0	2.1859998703	0.675080418587	0.0	23.8806324005
20091217	0.0	24774.0	0.0	1500.0	0.00133333331905	0.0	0.0	0.0	0.0	2.26266670227	0.622624218464	0.0	23.6862106323
20091218	0.0	24788.0	0.0	1500.0	0.00133333331905	0.0	0.0	0.0	0.0	2.30999994278	0.722293555737	300.0	24.1377105713
20091219	0.0	24659.0	0.0	1499.0	0.00133422284853	0.0	0.0	0.0	0.0	2.2775182724	0.743728756905	103.598831177	24.2764492035
20091220	0.0	24708.0	0.0	1499.0	0.00133422284853	0.0	0.0	0.0	0.0	2.26417613029	0.806485533714	0.0	23.3787651062
20091221	0.0	25549.0	0.0	1502.0	0.00133155786898	0.00066577893449	0.0	0.0	0.0	2.19041275978	0.777046978474	0.0	22.4545879364
20091222	0.0	20594.0	0.0	1504.0	0.00199468084611	0.000664893595967	0.0	0.0	0.000629374175332	2.30385637283	0.950416207314	2.07156913941e-32	20.9728069305
20091223	0.0	20805.0	0.0	1506.0	0.00199203193188	0.00132802128792	0.0	0.0	0.000612478295807	1.88313412666	0.791185379028	158.885864258	22.5628871918
20091224	0.0	21363.0	0.0	1505.0	0.00199335557409	0.000664451799821	0.0	0.666666666667	0.000568032846786	1.94352161884	0.763827502728	0.0	23.6162109375
20091225	0.0	21355.0	0.0	1505.0	0.00199335557409	0.000664451799821	0.0	0.0	0.000520171422977	1.89767444134	0.791264355183	0.0	23.3013210297
20091226	0.0	21481.0	0.0	1502.0	0.00133155786898	0.00066577893449	0.0	0.0	0.0	1.92410123348	0.782665848732	0.0	23.975227356
20091227	0.0	21863.0	0.0	1505.0	0.00132890359964	0.00132890359964	0.0	0.0	0.0	1.99136209488	0.766227245331	0.0	23.766916275
20091228	0.0	17699.0	0.0	1502.0	0.00133155786898	0.00066577893449	0.0	0.0	1.42569467343e-09	1.97403466702	0.750569224358	0.0	24.1535968781
20091229	0.0	17262.0	0.0	1500.0	0.00133333331905	0.00133333331905	0.0	0.0	8.48537062836e-09	1.61533331871	0.715183317661	0.0	23.6516075134
20091230	0.0	17753.0	0.0	1497.0	0.00133600539993	0.00133600539993	0.0	0.0	2.14301429935e-08	1.63861060143	0.680002868176	0.0	22.7400588989
20091231	0.0	18111.0	0.0	1499.0	0.00133422284853	0.00133422284853	0.0	0.0	1.28273640598e-07	1.56771183014	0.772103965282	0.0	23.578081131
20100101	0.0	18297.0	0.0	1503.0	0.00133067194838	0.00133067194838	0.0	0.0	4.06620983995e-07	1.62208914757	0.796787679195	0.0	23.3578586578
20100102	0.0	18731.0	0.0	1505.0	0.00132890359964	0.00132890359964	0.0	0.666666666667	2.30225941777e-06	1.63122916222	0.828855097294	0.0	21.7712059021
20100103	0.0	18830.0	0.0	1503.0	0.00133067194838	0.00133067194838	0.0	0.0	1.04625833046e-05	1.70192945004	0.867584943771	0.0	22.1610794067
20100104	0.0	19021.0	0.0	1505.0	0.00132890359964	0.00132890359964	0.0	0.0	4.62932184746e-05	1.70764124393	0.804978251457	0.0	22.6452693939
20100105	0.0	19055.0	0.0	1503.0	0.00133067194838	0.00133067194838	0.0	0.0	0.000242023495957	1.71124410629	0.760276556015	0.0	21.6806316376
20100106	0.0	15421.0	0.0	1501.0	0.00133244507015	0.00133244507015	0.0	0.0	0.000316714169458	1.73750829697	0.775372505188	0.0	21.131023407
20100107	0.0	15930.0	0.0	1502.0	0.00133155786898	0.00133155786898	0.0	0.0	0.000276086182566	1.4127830267	0.75123000145	0.0	21.6483345032
20100108	0.0	16456.0	0.0	1503.0	0.00133067194838	0.00133067194838	0.0	0.0	0.00013463315554	1.47238862514	0.73639601469	0.0	23.0392475128
20100109	0.0	17880.0	0.0	1502.0	0.00133155786898	0.00133155786898	0.0	0.0	0.000167633203091	1.52796268463	0.76678353548	0.0	22.6505413055
20100110	0.0	18359.0	0.0	1503.0	0.00133067194838	0.00133067194838	0.0	0.0	0.000179400347406	1.56886231899	0.763216674328	0.0	21.298330307
20100111	0.0	17823.0	0.0	1504.0	0.00132978719193	0.00132978719193	0.0	0.0	0.000246887706453	1.68882977962	0.751011192799	0.0	21.0910053253
20100112	0.0	17940.0	0.0	1504.0	0.00132978719193	0.00132978719193	0.0	0.0	0.000537332205568	1.625	0.948312759399	0.0	21.3125114441
20100113	0.0	18005.0	0.0	1500.0	0.00133333331905	0.00133333331905	0.0	0.0	0.000305094610667	1.63866662979	0.904491424561	0.0	21.4711589813
20100114	0.0	18511.0	0.0	1503.0	0.00133067194838	0.00133067194838	0.0	0.0	0.000811712641735	1.64737188816	0.907482564449	0.0	21.2818069458
20100115	0.0	14933.0	0.0	1502.0	0.00133155786898	0.00133155786898	0.0	0.0	0.000713579589501	1.69041275978	0.914230883121	0.0	21.7288703918
20100116	0.0	15093.0	0.0	1502.0	0.00133155786898	0.00133155786898	0.0	0.0	0.000983216799796	1.29560577869	0.722607672215	0.0	23.1824302673
20100117	0.0	15383.0	0.0	1503.0	0.00133067194838	0.00133067194838	0.0	0.0	0.000742028118111	1.37325358391	0.703655660152	0.0	23.23021698
20100118	0.0	15046.0	0.0	1503.0	0.00133067194838	0.00133067194838	0.0	0.0	0.000800649344455	1.42714571953	0.764949083328	0.0	22.9843902588
20100119	0.0	15045.0	0.0	1504.0	0.00132978719193	0.00132978719193	0.0	0.0	0.000792203529272	1.32114362717	0.724962949753	0.0	23.4623279572
20100120	0.0	15066.0	0.0	1501.0	0.00133244507015	0.00133244507015	0.0	0.0	0.000793476006947	1.36375749111	0.67606306076	0.0	23.3572711945
20100121	0.0	15150.0	0.0	1504.0	0.00132978719193	0.00132978719193	0.0	0.0	0.00102505530231	1.37632977962	0.663722217083	0.0	23.8289756775
20100122	0.0	15148.0	0.0	1503.0	0.00133067194838	0.00066533597419	0.0	0.0	0.000825003895443	1.39853620529	0.67808932066	0.0	22.8386287689
20100123	0.0	15315.0	0.0	1502.0	0.00133155786898	0.00133155786898	0.0	0.0	0.00119264004752	1.34886813164	0.691509962082	0.0	22.9239444733
20100124	0.0	15437.0	0.0	1500.0	0.00133333331905	0.00133333331905	0.0	0.0	0.000923344923649	1.44533336163	0.669907867908	0.0	22.948015213
20100125	0.0	15505.0	0.0	1502.0	0.00133155786898	0.00133155786898	0.0	0.0	0.0011989956256	1.40479362011	0.718578338623	0.0	23.0344409943
20100126	0.0	15602.0	0.0	1503.0	0.00133067194838	0.00133067194838	0.0	0.0	0.00104447233025	1.36793076992	0.723408937454	0.0	23.825969696
20100127	0.0	15074.0	0.0	1502.0	0.00133155786898	0.00133155786898	0.0	0.0	0.0010966504924	1.41278290749	0.626340329647	0.0	22.9659748077
20100128	0.0	15021.0	0.0	1502.0	0.00133155786898	0.00133155786898	0.0	0.0	0.00109368131962	1.40013313293	0.609990537167	0.0	22.9649829865
20100129	0.0	15169.0	0.0	1505.0	0.00132890359964	0.00132890359964	0.0	0.0	0.00103860651143	1.3774087429	0.564239919186	0.0	23.1881542206
20100130	0.0	15262.0	0.0	1501.0	0.00133244507015	0.00133244507015	0.0	0.0	0.00110942532774	1.37241840363	0.621446549892	0.0	23.1951408386
20100131	0.0	18608.0	0.0	1499.0	0.00133422284853	0.00133422284853	0.0	0.0	0.00103070121258	1.35557043552	0.660451412201	0.0	23.3970680237
20100201	0.0	18124.0	0.0	1499.0	0.00133422284853	0.00133422284853	0.0	0.0	0.00100623897742	1.69646430016	0.641923964024	0.0	23.0886516571
20100202	0.0	18050.0	0.0	1502.0	0.00199733697809	0.00133155786898	0.0	0.0	0.000924935098737	1.63315582275	0.684591650963	0.0	23.7491111755
20100203	0.0	17979.0	0.0	1503.0	0.00133067194838	0.00066533597419	0.0	0.0	0.000871187192388	1.6280772686	0.713466584682	0.0	23.4390144348
20100204	0.0	17357.0	0.0	1504.0	0.00132978719193	0.00132978719193	0.0	0.0	0.000796865031589	1.62566483021	0.696550250053	0.0	23.4203624725
20100205	0.0	20707.0	0.0	1505.0	0.00132890359964	0.000664451799821	0.0	0.0	0.000729285296984	1.57076406479	0.672998130322	0.0	23.9214172363
20100206	0.0	20055.0	0.0	1506.0	0.00132802128792	0.00132802128792	0.0	0.0	0.000636379350908	1.80743694305	0.640042245388	0.0	23.7615013123
20100207	0.0	19858.0	0.0	1503.0	0.00133067194838	0.00133067194838	0.0	0.0	0.000535467581358	1.7844312191	0.720762372017	0.0	23.0673847198
20100208	0.0	19703.0	0.0	1503.0	0.00133067194838	0.00133067194838	0.0	0.0	0.000449714541901	1.77910852432	0.702500879765	0.0	23.6163024902
20100209	0.0	19377.0	0.0	1501.0	0.00133244507015	0.00133244507015	0.0	0.0	0.000389380933484	1.7388406992	0.704751014709	0.0	23.6990871429
20100210	0.0	19164.0	0.0	1503.0	0.00133067194838	0.00133067194838	0.0	0.0	0.000343722233083	1.74850296974	0.745970964432	0.0	23.8451042175
20100211	0.0	19058.0	0.0	1503.0	0.00133067194838	0.00133067194838	0.0	0.0	0.000292620126856	1.7478376627	0.70666795969	0.0	23.5863513947
20100212	0.0	18782.0	0.0	1506.0	0.00132802128792	0.000664010643959	0.0	0.0	0.000234395367443	1.73439574242	0.631778657436	0.0	24.2712745667
20100213	0.0	18635.0	0.0	1506.0	0.00132802128792	0.00132802128792	0.0	0.0	0.000180405331776	1.69057106972	0.683439552784	0.0	23.6171398163
20100214	0.0	18396.0	0.0	1506.0	0.00132802128792	0.000664010643959	0.0	0.0	0.000135981303174	1.72509968281	0.700442135334	0.0	24.122592926
20100215	0.0	18347.0	0.0	1507.0	0.00132714002393	0.00132714002393	0.0	0.0	0.000101350015029	1.68745851517	0.679598033428	0.0	24.4822654724
20100216	0.0	18199.0	0.0	1503.0	0.00133067194838	0.00133067194838	0.0	0.0	7.474222366e-05	1.66067862511	0.70831412077	0.0	23.9739971161
20100217	0.0	18171.0	0.0	1507.0	0.00132714002393	0.000663570011966	0.0	0.0	5.53553363716e-05	1.66025209427	0.718379735947	0.0	22.9525165558
20100218	0.0	18136.0	0.0	1505.0	0.00132890359964	0.000664451799821	0.0	0.0	4.50168918178e-05	1.65182721615	0.659262001514	0.0	22.5078163147
20100219	0.0	18636.0	0.0	1504.0	0.00132978719193	0.000664893595967	0.0	0.0	3.60632802767e-05	1.64428186417	0.688725233078	0.0	24.1004161835
20100220	0.0	18460.0	0.0	1503.0	0.00133067194838	0.00066533597419	0.0	0.0	3.34855576511e-05	1.67797732353	0.718136131763	0.0	23.850227356
20100221	0.0	18530.0	0.0	1503.0	0.00133067194838	0.00066533597419	0.0	0.0	2.95279296552e-05	1.69328010082	0.682335078716	0.0	24.248714447
20100222	0.0	18468.0	0.0	1504.0	0.00132978719193	0.00132978719193	0.0	0.0	2.70820182777e-05	1.6615691185	0.628498792648	0.0	25.568107605
20100223	0.0	18341.0	0.0	1507.0	0.00132714002393	0.000663570011966	0.0	0.0	2.28003391385e-05	1.69475781918	0.714525401592	0.0	24.9294338226
20100224	0.0	22704.0	0.0	1503.0	0.00133067194838	0.00133067194838	0.0	0.0	2.05632550205e-05	1.70059883595	0.675044715405	0.0	25.3582630157
20100225	0.0	22126.0	0.0	1503.0	0.00133067194838	0.00066533597419	0.0	0.0	1.82086423592e-05	2.0	0.735534012318	300.0	23.5220546722
20100226	0.0	21650.0	0.0	1504.0	0.00199468084611	0.00132978719193	0.0	0.0	1.6751637304e-05	2.01728725433	0.725732207298	0.0	24.0753822327
20100227	0.0	21343.0	0.0	1504.0	0.00199468084611	0.000664893595967	0.0	0.0	1.88667381735e-05	2.01396274567	0.714096367359	0.0	25.1771297455
20100228	0.0	21179.0	0.0	1503.0	0.00199600798078	0.00133067194838	0.0	0.0	1.5059747966e-05	1.91417169571	0.753366470337	0.0	23.6653118134
20100301	0.0	20967.0	0.0	1501.0	0.00133244507015	0.0	0.0	0.0	2.05787182495e-05	1.97068619728	0.672699332237	0.0	25.3071269989
20100302	0.0	20857.0	0.0	1502.0	0.00133155786898	0.00066577893449	0.0	0.0	1.59316223289e-05	1.90679097176	0.648708701134	0.0	25.3689670563
20100303	0.0	20632.0	0.0	1501.0	0.00133244507015	0.000666222535074	0.0	0.0	2.11934566323e-05	1.8934044838	0.756396532059	0.0	23.7977752686
20100304	0.0	20482.0	0.0	1500.0	0.00133333331905	0.000666666659527	0.0	0.0	1.63493496075e-05	1.88066661358	0.765745997429	0.0	21.5139026642
20100305	0.0	20530.0	0.0	1500.0	0.00133333331905	0.0	0.0	0.0	1.97739846044e-05	1.91066670418	0.768239319324	0.0	20.7532024384
20100306	0.0	20481.0	0.0	1498.0	0.00133511354215	0.000667556771077	0.0	0.0	1.53054679686e-05	1.85981309414	0.664747238159	0.0	20.2228050232
20100307	0.0	20572.0	0.0	1502.0	0.00133155786898	0.00066577893449	0.0	0.0	1.57056256285e-05	1.85153138638	0.555530846119	0.0	21.7834968567
20100308	0.0	20506.0	0.0	1500.0	0.00133333331905	0.000666666659527	0.0	0.0	1.25594433484e-05	1.88066661358	0.595483958721	0.0	21.7388305664
20100309	0.0	16497.0	0.0	1501.0	0.00133244507015	0.000666222535074	0.0	0.0	1.13454498205e-05	1.86409068108	0.638494133949	0.0	23.7553844452
20100310	0.0	17028.0	0.0	1500.0	0.00133333331905	0.00133333331905	0.0	0.0	1.01218720374e-05	1.51800012589	0.670164585114	0.0	25.0395298004
20100311	0.0	17204.0	0.0	1502.0	0.00133155786898	0.00066577893449	0.0	0.0	8.1331909314e-06	1.5732357502	0.667873442173	0.0	25.998714447
20100312	0.0	17385.0	0.0	1502.0	0.00133155786898	0.00066577893449	0.0	0.0	7.70993938204e-06	1.59054601192	0.648751914501	0.0	26.6998825073
20100313	0.0	21483.0	0.0	1503.0	0.00133067194838	0.00066533597419	0.0	0.0	5.97526786805e-06	1.63739192486	0.675416648388	0.0	26.7930698395
20100314	0.0	21966.0	0.0	1505.0	0.00132890359964	0.00132890359964	0.0	0.0	5.83822065892e-06	1.91428565979	0.714885234833	0.0	26.0988349915
20100315	0.0	21756.0	0.0	1502.0	0.00133155786898	0.00066577893449	0.0	0.0	4.52109907201e-06	1.93408787251	0.705064296722	0.0	25.6699981689
20100316	0.0	21539.0	0.0	1504.0	0.00132978719193	0.0	0.0	0.0	5.00177020513e-06	2.00731372833	0.694477558136	0.0	25.2405891418
20100317	0.0	22756.0	0.0	1504.0	0.00132978719193	0.0	0.0	0.0	3.89305478166e-06	1.98271274567	0.706813395023	0.0	25.2660045624
20100318	0.0	22518.0	0.0	1504.0	0.00132978719193	0.000664893595967	0.0	0.0	5.63118737773e-06	2.05518627167	0.735405504704	0.0	25.2245635986
20100319	0.0	22183.0	0.0	1503.0	0.00133067194838	0.00066533597419	0.0	0.0	4.42924238087e-06	1.99733865261	0.702912032604	0.0	26.2368717194
20100320	0.0	21955.0	0.0	1502.0	0.00133155786898	0.00133155786898	0.0	0.0	5.98290034759e-06	1.92676436901	0.659687101841	0.0	25.8375816345
20100321	0.0	26245.0	0.0	1503.0	0.00133067194838	0.00066533597419	0.0	0.0	4.83352869196e-06	1.97870922089	0.637976288795	0.0	25.9078445435
20100322	0.0	25724.0	0.0	1503.0	0.00133067194838	0.00066533597419	0.0	0.0	5.12154883836e-06	2.35728526115	0.621411979198	0.0	26.1181240082
20100323	0.0	25226.0	0.0	1502.0	0.00133155786898	0.0	0.0	0.0	4.91445371154e-06	2.31424760818	0.667875230312	0.0	26.4073810577
20100324	0.0	29545.0	0.0	1502.0	0.00133155786898	0.00066577893449	0.0	0.0	4.47995216746e-06	2.28761649132	0.638845682144	0.0	26.6734275818
20100325	0.0	33312.0	0.0	1501.0	0.00133244507015	0.0	0.0	0.0	5.10905829287e-06	2.71285820007	0.655487418175	0.0	26.139919281
20100326	0.0	32180.0	0.0	1501.0	0.00133244507015	0.000666222535074	0.0	0.0	4.22608354711e-06	3.06928706169	0.683667898178	0.0	26.0511627197
20100327	0.0	31378.0	0.0	1501.0	0.00133244507015	0.000666222535074	0.0	0.0	4.39300993094e-06	2.9300467968	0.652029752731	0.0	26.5261688232
20100328	0.0	31342.0	0.0	1502.0	0.00133155786898	0.00066577893449	0.0	0.0	3.58331203643e-06	2.84021306038	0.617919564247	0.0	26.8379440308
20100329	0.0	30859.0	0.0	1501.0	0.00133244507015	0.000666222535074	0.0	0.0	3.27234988617e-06	2.74017310143	0.639194071293	300.0	26.6463413239
20100330	0.0	30132.0	0.0	1502.0	0.00133155786898	0.00066577893449	0.0	0.0	3.14410772262e-06	2.8249001503	0.651248455048	0.0	26.8272705078
20100331	0.0	29708.0	0.0	1503.0	0.00133067194838	0.0	0.0	0.0	2.52898962572e-06	2.70592141151	0.692903757095	0.0	26.1081371307
20100401	0.0	29689.0	0.0	1502.0	0.00133155786898	0.00066577893449	0.0	0.0	3.63896151612e-06	2.7516644001	0.652246415615	0.0	25.2572078705
20100402	0.0	29434.0	0.0	1501.0	0.00133244507015	0.000666222535074	0.0	0.0	2.87862258119e-06	2.70419716835	0.589926123619	0.0	24.2709712982
20100403	0.0	29150.0	0.0	1502.0	0.00133155786898	0.00066577893449	0.0	0.0	4.10809207096e-06	2.61984038353	0.560767769814	0.0	24.782869339
20100404	0.0	28972.0	0.0	1503.0	0.00133067194838	0.00133067194838	0.0	0.0	3.11745088766e-06	2.65602135658	0.551718592644	0.0	24.8845767975
20100405	0.0	29726.0	0.0	1504.0	0.00132978719193	0.000664893595967	0.0	0.0	4.11706514569e-06	2.64760637283	0.602779865265	0.0	24.4955177307
20100406	0.0	29432.0	0.0	1506.0	0.00132802128792	0.0	0.0	0.0	3.08958078676e-06	2.71713161469	0.646704852581	0.0	24.5872974396
20100407	0.0	29193.0	0.0	1505.0	0.00132890359964	0.0	0.0	0.0	4.57761507278e-06	2.71760797501	0.593868017197	0.0	25.6012439728
20100408	0.0	29988.0	0.0	1505.0	0.00132890359964	0.000664451799821	0.0	0.0	3.40151245837e-06	2.66312289238	0.640500843525	0.0	25.4207649231
20100409	0.0	30787.0	0.0	1504.0	0.00132978719193	0.000664893595967	0.0	0.0	5.56418990527e-06	2.68949484825	0.717384517193	0.0	25.2296180725
20100410	0.0	24763.0	0.0	1505.0	0.00132890359964	0.000664451799821	0.0	0.0	4.03659305448e-06	2.81196022034	0.737806856632	0.0	24.5190486908
20100411	0.0	25208.0	0.0	1507.0	0.00132714002393	0.000663570011966	0.0	0.0	4.91590571983e-06	2.30922365189	0.713957250118	0.0	24.714056015
20100412	0.0	25424.0	0.0	1506.0	0.00132802128792	0.00132802128792	0.0	0.0	3.6600954445e-06	2.24369192123	0.727370500565	0.0	24.80859375
20100413	0.0	25907.0	0.0	1507.0	0.00132714002393	0.000663570011966	0.0	0.0	4.01688703278e-06	2.29197072983	0.739303171635	0.0	25.1205539703
20100414	0.0	25920.0	0.0	1508.0	0.0013262599241	0.0	0.0	0.0	3.28847772835e-06	2.37864732742	0.685034871101	0.0	24.5455284119
20100415	0.0	26020.0	0.0	1511.0	0.00132362672593	0.00132362672593	0.0	0.0	3.18164870805e-06	2.33156847954	0.654684841633	0.0	24.3383979797
20100416	0.0	26209.0	0.0	1510.0	0.00132450333331	0.000662251666654	0.0	0.0	3.10595623887e-06	2.34900665283	0.677659749985	158.885864258	24.8129177094
20100417	0.0	22908.0	0.0	1508.0	0.0013262599241	0.000663129962049	0.0	0.0	2.91345327241e-06	2.37931036949	0.707813799381	300.0	25.3319664001
20100418	0.0	23155.0	0.0	1507.0	0.00199070991948	0.0	0.0	0.0	6.01357533014e-06	2.01327133179	0.727722465992	262.484710693	26.2219276428
20100419	0.0	23421.0	0.0	1506.0	0.00199203193188	0.00132802128792	0.0	0.0	5.65414347875e-06	2.09229755402	0.776926338673	300.0	25.6014251709
20100420	0.0	23662.0	0.0	1506.0	0.00199203193188	0.0	0.0	0.0	6.83854523231e-06	2.10225749016	0.739745438099	242.695922852	25.8363170624
20100421	0.0	23766.0	0.0	1509.0	0.00198807148263	0.0	0.0	0.0	7.63732532505e-06	2.1225976944	0.743582010269	0.0	25.9243907928
20100422	0.0	29210.0	0.0	1509.0	0.00198807148263	0.00132538110483	0.0	0.0	8.73341014085e-06	2.19085502625	0.730517089367	0.0	26.2963466644
20100423	0.0	28837.0	0.0	1507.0	0.00199070991948	0.0	0.0	0.0	9.39555775403e-06	2.62375569344	0.716644763947	0.0	26.164068222
20100424	0.0	28530.0	0.0	1506.0	0.00199203193188	0.000664010643959	0.0	0.0	9.1850733952e-06	2.63811421394	0.715423345566	0.0	26.1006946564
20100425	0.0	28441.0	0.0	1505.0	0.00199335557409	0.000664451799821	0.0	0.0	8.74338547874e-06	2.49833869934	0.719529926777	0.0	26.3373508453
20100426	0.0	27045.0	0.0	1508.0	0.00198939000256	0.0013262599241	0.0	0.0	7.53960875954e-06	2.6584880352	0.711273372173	0.0	27.0783290863
20100427	0.0	26901.0	0.0	1506.0	0.00132802128792	0.0	0.0	0.0	6.25162965662e-06	2.49601578712	0.705377697945	300.0	27.1421356201
20100428	0.0	26831.0	0.0	1505.0	0.00132890359964	0.000664451799821	0.0	0.0	5.11076859766e-06	2.44784045219	0.720792353153	0.0	26.8399524689
20100429	0.0	32545.0	0.0	1504.0	0.00132978719193	0.000664893595967	0.0	0.0	4.11073324358e-06	2.46276593208	0.708475291729	0.0	26.8147926331
20100430	0.0	31947.0	0.0	1507.0	0.00132714002393	0.000663570011966	0.0	0.0	3.36677499035e-06	2.93629717827	0.637954235077	0.0	27.0129508972
20100501	0.0	31348.0	0.0	1508.0	0.0013262599241	0.000663129962049	0.0	0.0	2.57167243944e-06	2.93368697166	0.733664214611	0.0	25.4894504547
20100502	0.0	30154.0	0.0	1508.0	0.0013262599241	0.000663129962049	0.0	0.0	2.30228738474e-06	2.88925719261	0.720686972141	0.0	25.8403739929
20100503	0.0	30825.0	0.0	1507.0	0.00132714002393	0.0	0.0	0.0	1.74588842583e-06	2.71864652634	0.746073961258	0.0	25.6995582581
20100504	0.0	32526.0	0.0	1510.0	0.00132450333331	0.000662251666654	0.0	0.0	2.12421628021e-06	2.83774828911	0.734200716019	0.0	26.1312599182
20100505	0.0	33698.0	0.0	1510.0	0.00132450333331	0.000662251666654	0.0	0.0	1.618841452e-06	2.9417219162	0.707524120808	0.0	25.5083751678
20100506	0.0	34976.0	0.0	1506.0	0.00132802128792	0.000664010643959	0.0	0.0	3.07094842356e-06	3.01394438744	0.699645221233	0.0	25.4060401917
20100507	0.0	36712.0	0.0	1507.0	0.00132714002393	0.000663570011966	0.0	0.0	2.36015830524e-06	3.11413407326	0.711214125156	0.0	25.8138103485
20100508	0.0	35678.0	0.0	1504.0	0.00132978719193	0.000664893595967	0.0	0.0	3.31868955072e-06	3.43018627167	0.778834164143	0.0	25.1465530396
20100509	0.0	34670.0	0.0	1503.0	0.00133067194838	0.00066533597419	0.0	0.0	2.63047195403e-06	3.312707901	0.798235297203	0.0	24.3468704224
20100510	0.0	34085.0	0.0	1504.0	0.00132978719193	0.000664893595967	0.0	0.0	2.824304147e-06	3.09109044075	0.73594224453	0.0	25.1693820953
20100511	0.0	33231.0	0.0	1503.0	0.00133067194838	0.00066533597419	0.0	0.0	2.44487614509e-06	3.11909508705	0.659691810608	0.0	25.1939735413
20100512	0.0	32751.0	0.0	1503.0	0.00133067194838	0.00133067194838	0.0	0.0	2.05687365451e-06	3.01397204399	0.688633680344	0.0	25.2774410248
20100513	0.0	32307.0	0.0	1505.0	0.00132890359964	0.000664451799821	0.0	0.0	2.21584423343e-06	2.90697669983	0.760025262833	0.0	25.3296127319
20100514	0.0	32871.0	0.0	1504.0	0.00132978719193	0.00132978719193	0.0	0.0	1.7303086679e-06	2.98404240608	0.743928074837	0.0	25.5387325287
20100515	0.0	28560.0	0.0	1505.0	0.00132890359964	0.000664451799821	0.0	0.0	2.7823457458e-06	3.01262450218	0.739909231663	0.0	25.4417724609
20100516	0.0	28615.0	0.0	1506.0	0.00132802128792	0.00132802128792	0.0	0.0	2.12179020309e-06	2.65803456306	0.754527807236	0.0	26.1200733185
20100517	0.0	28488.0	0.0	1506.0	0.00132802128792	0.000664010643959	0.0	0.0	5.09447863806e-06	2.55511283875	0.793447375298	0.0	25.6149139404
20100518	0.0	28094.0	0.0	1502.0	0.00133155786898	0.00066577893449	0.0	0.0	3.8921457417e-06	2.53661775589	0.794887065887	300.0	25.298500061
20100519	0.0	28291.0	0.0	1507.0	0.00199070991948	0.00132714002393	0.0	0.0	1.11506396934e-05	2.50364971161	0.76839184761	0.0	25.3650856018
20100520	0.0	28738.0	0.0	1509.0	0.00198807148263	0.00132538110483	0.0	0.0	8.4297680587e-06	2.6288933754	0.782157599926	0.0	25.4903964996
20100521	0.0	28900.0	0.0	1504.0	0.00132978719193	0.000664893595967	0.0	0.0	7.36631773179e-06	2.614361763	0.810843169689	0.0	25.2434196472
20100522	0.0	29266.0	0.0	1501.0	0.00133244507015	0.00133244507015	0.0	0.0	5.58922420169e-06	2.68487668037	0.834637284279	0.0	24.1110725403
20100523	0.0	29697.0	0.0	1502.0	0.00133155786898	0.00133155786898	0.0	0.0	6.18494232185e-06	2.6464715004	0.829280376434	0.0	23.769865036
20100524	0.0	29628.0	0.0	1502.0	0.00133155786898	0.00133155786898	0.0	0.0	4.72410192742e-06	2.72836208344	0.884900867939	158.885864258	23.4203720093
20100525	0.0	29429.0	0.0	1504.0	0.00132978719193	0.00132978719193	0.0	0.0	5.19592686032e-06	2.70877671242	0.869442880154	280.211212158	23.2790641785
20100526	0.0	29170.0	0.0	1500.0	0.00133333331905	0.00133333331905	0.0	0.0	4.48225409855e-06	2.63800001144	0.770609200001	57.3040847778	24.8820285797
20100527	0.0	23541.0	0.0	1501.0	0.00133244507015	0.000666222535074	0.0	0.0	4.70569830213e-06	2.59826779366	0.839400947094	196.401168823	24.6361103058
20100528	0.0	23971.0	0.0	1501.0	0.00133244507015	0.000666222535074	0.0	0.0	4.98190956932e-06	2.1185874939	0.837763309479	300.0	24.5691223145
20100529	0.0	24304.0	0.0	1502.0	0.00133155786898	0.00133155786898	0.0	0.0	4.68844200441e-06	2.19240999222	0.845186710358	0.0	24.8806190491
20100530	0.0	24285.0	0.0	1503.0	0.00066533597419	0.00066533597419	0.0	0.0	2.44801503868e-06	2.20758485794	0.895734369755	0.0	24.4544792175
20100531	0.0	24510.0	0.0	1507.0	0.000663570011966	0.000663570011966	0.0	0.0	2.49149957199e-06	2.24353003502	0.841630280018	1.13425264874e-30	24.9460468292
20100601	0.0	23992.0	0.0	1507.0	0.00132714002393	0.0	0.0	0.0	8.46399598231e-06	2.2541475296	0.82511895895	300.0	25.1242523193
20100602	0.0	24162.0	0.0	1506.0	0.00132802128792	0.000664010643959	0.0	0.0	7.45270654079e-06	2.20252323151	0.800693929195	300.0	25.0294971466
20100603	0.0	24342.0	0.0	1506.0	0.00132802128792	0.0	0.0	0.0	9.53123162617e-06	2.16799473763	0.783924877644	0.0	25.6371536255
20100604	0.0	24303.0	0.0	1506.0	0.00132802128792	0.0	0.0	0.0	9.22815524973e-06	2.19256305695	0.737854659557	0.0	25.4253349304
20100605	0.0	24506.0	0.0	1507.0	0.00132714002393	0.0	0.0	0.0	9.52775735641e-06	2.21035170555	0.781241774559	0.0	25.1961936951
20100606	0.0	26042.0	0.0	1506.0	0.00132802128792	0.0	0.0	0.0	9.26252141653e-06	2.20451521873	0.776855945587	196.401168823	25.1013698578
20100607	0.0	25784.0	0.0	1507.0	0.00132714002393	0.0	0.0	0.0	8.26481391414e-06	2.38221621513	0.800961196423	0.0	24.6381835938
20100608	0.0	25821.0	0.0	1508.0	0.0013262599241	0.0	0.0	0.0	8.43593625177e-06	2.30106091499	0.785277605057	0.0	25.320810318
20100609	0.0	25823.0	0.0	1508.0	0.0013262599241	0.0	0.0	0.0	6.71457155477e-06	2.37931036949	0.744777083397	0.0	25.5637626648
20100610	0.0	25652.0	0.0	1508.0	0.0013262599241	0.000663129962049	0.0	0.0	6.62584898237e-06	2.36472129822	0.735918462276	0.0	25.9881820679
20100611	0.0	25579.0	0.0	1507.0	0.00132714002393	0.000663570011966	0.0	0.0	4.96945449413e-06	2.23954868317	0.71633130312	280.211212158	26.2091426849
20100612	0.0	32510.0	0.0	1507.0	0.00132714002393	0.000663570011966	0.0	0.0	4.69713313578e-06	2.27936291695	0.805475711823	150.0	25.5237998962
20100613	0.0	32138.0	0.0	1507.0	0.00132714002393	0.000663570011966	0.0	0.0	3.57223757419e-06	2.9800927639	0.720605134964	141.114135742	26.0174999237
20100614	0.0	32541.0	1.0	1508.0	0.00198939000256	0.0013262599241	0.0	0.0	3.10147902383e-06	2.94562339783	0.682393848896	158.885864258	26.147480011
20100615	0.0	33612.0	0.0	1508.0	0.00198939000256	0.0	0.0	0.0	2.39710630012e-06	2.93965506554	0.761406838894	0.0	25.6281471252
20100616	0.0	32645.0	0.0	1506.0	0.00199203193188	0.000664010643959	0.0	0.0	2.08402730095e-06	3.04515266418	0.751434087753	57.3040847778	25.6804981232
20100617	0.0	31987.0	0.0	1505.0	0.00199335557409	0.0	0.0	0.0	1.58482146162e-06	3.0093023777	0.778299868107	0.0	26.1684970856
20100618	0.0	31643.0	0.0	1506.0	0.00199203193188	0.0	0.0	0.0	1.55979648753e-06	2.89243030548	0.750604808331	0.0	25.8251209259
20100619	0.0	32950.0	0.0	1507.0	0.00199070991948	0.0	0.0	0.0	1.17977594982e-06	2.8480424881	0.839889407158	0.0	24.4601364136
20100620	0.0	33908.0	0.0	1510.0	0.00198675505817	0.000662251666654	0.0	0.0	1.68266740275e-06	2.98278141022	0.818292438984	0.0	23.9158000946
20100621	0.0	32944.0	0.0	1511.0	0.00264725345187	0.000661813362967	0.0	0.0	1.26887914575e-06	3.0853741169	0.85162460804	57.3040847778	22.9007263184
20100622	0.0	32430.0	0.0	1513.0	0.00264375424013	0.000660938560031	0.0	0.0	2.40565464082e-06	2.9709186554	0.881310343742	300.0	22.1778793335
20100623	0.0	31589.0	0.0	1514.0	0.0026420080103	0.00132100400515	0.0	0.666666666667	1.79649157417e-06	2.95706748962	0.882768750191	121.325340271	23.1006507874
20100624	0.0	32274.0	0.0	1512.0	0.00264550256543	0.00132275128271	0.0	0.0	2.39046198658e-06	2.8664021492	0.809787154198	103.598831177	24.4289913177
20100625	0.0	31589.0	0.0	1511.0	0.00198544003069	0.000661813362967	0.0	0.0	1.75710988515e-06	2.93977499008	0.769896090031	5.3345350111e-32	25.3371372223
20100626	0.0	30946.0	0.0	1511.0	0.00198544003069	0.00198544003069	0.0	0.0	1.88025558145e-06	2.88550615311	0.762476801872	0.0	25.2001552582
20100627	0.0	30282.0	0.0	1511.0	0.00198544003069	0.00198544003069	0.0	0.0	1.45773049098e-06	2.76307082176	0.833654105663	0.0	25.0137062073
20100628	0.0	24358.0	0.0	1510.0	0.00198675505817	0.00198675505817	0.0	0.0	1.29516797642e-06	2.73509931564	0.786131620407	0.0	25.6500492096
20100629	0.0	25742.0	0.0	1514.0	0.00198150589131	0.00132100400515	0.0	0.0	1.11096449018e-06	2.19682955742	0.748308181763	0.0	25.9272289276
20100630	0.0	27042.0	0.0	1512.0	0.00198412709869	0.00198412709869	0.0	0.666666666667	1.00438921891e-06	2.24669289589	0.747992694378	0.0	25.8338527679
20100701	0.0	27920.0	0.0	1513.0	0.00198281556368	0.00198281556368	0.0	0.0	1.19055846426e-06	2.50429606438	0.722721517086	0.0	26.1963176727
20100702	0.0	28605.0	0.0	1512.0	0.00198412709869	0.00132275128271	0.0	0.0	1.28739782213e-06	2.55621695518	0.835333764553	0.0	26.5292549133
20100703	0.0	29058.0	0.0	1508.0	0.00198939000256	0.0013262599241	0.0	0.0	2.11690712604e-06	2.62002658844	0.704301714897	0.0	26.7981071472
20100704	0.0	28557.0	0.0	1512.0	0.00198412709869	0.00132275128271	0.0	0.0	2.4958569611e-06	2.59920620918	0.701437592506	0.0	26.4243946075
20100705	0.0	28464.0	0.0	1508.0	0.00198939000256	0.0013262599241	0.0	0.0	4.25876442023e-06	2.62864732742	0.789282143116	57.3040847778	25.3790779114
20100706	0.0	34661.0	0.0	1507.0	0.00199070991948	0.00132714002393	0.0	0.0	5.30711713509e-06	2.65096211433	0.764234185219	0.0	25.4312534332
20100707	0.0	33874.0	0.0	1509.0	0.00265076220967	0.000662690552417	0.0	0.0	0.000610540737398	3.11994719505	0.664370536804	196.401168823	26.0720901489
20100708	0.0	33355.0	0.0	1511.0	0.00264725345187	0.00198544003069	0.0	0.0	0.000655932351947	3.08669757843	0.728196203709	0.0	25.9292049408
20100709	0.0	33041.0	0.0	1511.0	0.00264725345187	0.00198544003069	0.0	0.0	0.000635872595012	2.9688949585	0.669726014137	300.0	26.3606472015
20100710	0.0	42018.0	0.0	1509.0	0.00198807148263	0.000662690552417	0.0	0.0	1.28260426209e-05	3.02849578857	0.691312432289	300.0	26.7817573547
20100711	0.0	41225.0	0.0	1510.0	0.00198675505817	0.0	0.0	0.0	1.3016050616e-05	3.76225185394	0.714735090733	0.0	26.213060379
20100712	0.0	39476.0	0.0	1509.0	0.00132538110483	0.000662690552417	0.0	0.0	1.3904127627e-05	3.70245194435	0.720746815205	280.211212158	26.1167526245
20100713	0.0	37155.0	0.0	1511.0	0.00132362672593	0.000661813362967	0.0	0.0	1.30369307954e-05	3.58901381493	0.750339150429	300.0	24.7575130463
20100714	0.0	36556.0	0.0	1512.0	0.00132275128271	0.000661375641357	0.0	0.0	1.41439331856e-05	3.3253967762	0.705704450607	300.0	26.4383621216
20100715	0.0	36183.0	0.0	1509.0	0.00132538110483	0.0	0.0	0.0	1.29750687847e-05	3.29688549042	0.758394122124	158.885864258	25.3347167969
20100716	0.0	35501.0	0.0	1511.0	0.00132362672593	0.000661813362967	0.0	0.0	1.32965915327e-05	3.26273989677	0.789198815823	300.0	24.9357471466
20100717	0.0	34982.0	0.0	1510.0	0.00132450333331	0.0	0.0	0.0	1.19272408483e-05	3.24635767937	0.755806863308	19.7887878418	25.2276706696
20100718	0.0	34535.0	0.0	1509.0	0.00132538110483	0.000662690552417	0.0	0.0	1.08361055027e-05	3.16633534431	0.802091419697	216.189956665	24.6582050323
20100719	0.0	34043.0	0.0	1513.0	0.00132187712006	0.0	0.0	0.0	9.2660966402e-06	3.12293457985	0.839315414429	141.114135742	24.4568214417
20100720	2.97442002193e-05	33620.0	0.0	1514.0	0.00132100400515	0.0	0.0	0.0	8.21605499368e-06	3.01188898087	0.859487533569	196.401168823	23.7557621002
20100721	3.69412628061e-05	27070.0	0.0	1511.0	0.00132362672593	0.0	0.000661813362967	0.0	6.55467056276e-06	2.98676371574	0.83306825161	178.6746521	23.9923095703
20100722	3.49650363205e-05	28600.0	1.0	1511.0	0.00132362672593	0.0	0.000661813362967	0.0	6.63726905259e-06	2.43679690361	0.811331450939	103.598831177	24.0647773743
20100723	3.44245927408e-05	29049.0	0.0	1515.0	0.00198019808158	0.0	0.0	0.0	5.07227332491e-06	2.5755777359	0.777797579765	300.0	24.164056778
20100724	3.47862369381e-05	28747.0	0.0	1512.0	0.00198412709869	0.0	0.000661375641357	0.0	5.27190923094e-06	2.59589934349	0.687633872032	83.810043335	26.4135742188
20100725	3.36089251505e-05	29754.0	1.0	1513.0	0.00198281556368	0.0	0.0	0.0	4.00093404096e-06	2.61665582657	0.699157118797	0.0	26.2359409332
20100726	3.17520789395e-05	31494.0	0.0	1514.0	0.0026420080103	0.0	0.0	0.0	3.89049318983e-06	2.73183608055	0.729980885983	0.0	25.9171524048
20100727	0.0	32941.0	0.0	1514.0	0.0026420080103	0.0	0.0	0.0	2.94837514048e-06	2.86789941788	0.728731930256	300.0	25.1571159363
20100728	0.0	33975.0	0.0	1513.0	0.00264375424013	0.0	0.0	0.0	2.47587786362e-06	2.99867796898	0.734713554382	0.0	25.5107002258
20100729	0.0	32930.0	0.0	1512.0	0.00264550256543	0.000661375641357	0.0	0.0	1.87561499843e-06	3.06812167168	0.777254700661	0.0	25.827665329
20100730	0.0	33766.0	0.0	1513.0	0.00264375424013	0.0	0.0	0.0	1.45577166677e-06	2.986120224	0.801306605339	141.114135742	26.3601093292
20100731	0.0	35163.0	0.0	1514.0	0.0026420080103	0.000660502002575	0.0	0.0	1.1008327192e-06	3.00792598724	0.794099152088	0.0	26.0895385742
20100801	0.0	35964.0	0.0	1515.0	0.00264026410878	0.0	0.0	0.0	8.35364858176e-07	3.19537949562	0.752855420113	0.0	26.1345996857
20100802	0.0	35880.0	0.0	1516.0	0.00263852253556	0.00131926126778	0.0	0.0	6.3694056962e-07	3.20976257324	0.733885169029	141.114135742	26.7147502899
20100803	0.0	36983.0	0.0	1510.0	0.00264900666662	0.000662251666654	0.0	0.0	4.84361578401e-07	3.24172186852	0.740498363972	0.0	26.3311100006
20100804	0.0	36120.0	0.0	1509.0	0.00265076220967	0.000662690552417	0.0	0.0	3.8343719666e-07	3.34526181221	0.735800564289	0.0	26.2894592285
20100805	0.0	36471.0	0.0	1509.0	0.00265076220967	0.000662690552417	0.0	0.0	3.03470898189e-07	3.25182247162	0.720986485481	0.0	26.7495937347
20100806	0.0	35138.0	0.0	1507.0	0.00265428004786	0.00132714002393	0.0	0.0	2.89344995963e-07	3.30723285675	0.740194559097	158.885864258	26.748790741
20100807	0.0	44336.0	0.0	1510.0	0.00264900666662	0.00132450333331	0.0	0.0	2.59481595322e-07	3.14039731026	0.79510819912	0.0	26.3211956024
20100808	0.0	43454.0	0.0	1513.0	0.00264375424013	0.00198281556368	0.0	0.0	3.64072832326e-07	3.92399191856	0.744670212269	103.598831177	26.1313819885
20100809	0.0	44303.0	0.0	1509.0	0.00265076220967	0.00198807148263	0.0	0.0	3.59860678145e-07	3.92312788963	0.812322258949	178.6746521	25.5345630646
20100810	0.0	43201.0	0.0	1511.0	0.00264725345187	0.00264725345187	0.0	0.666666666667	6.49445098588e-07	4.01058912277	0.790908575058	0.0	25.7409000397
20100811	0.0	41863.0	0.0	1511.0	0.00330906687304	0.00264725345187	0.0	0.0	1.62110991369e-05	3.93183326721	0.807916343212	57.3040847778	25.2018089294
20100812	0.0	40893.0	0.0	1514.0	0.0026420080103	0.00132100400515	0.0	0.0	1.37946653922e-06	3.76618218422	0.820224225521	37.515296936	24.9617385864
20100813	0.0	41554.0	0.0	1514.0	0.0026420080103	0.00198150589131	0.0	0.666666666667	1.45560318288e-06	3.64068675041	0.812853753567	103.598831177	25.212053299
20100814	0.0	40712.0	0.0	1512.0	0.00264550256543	0.00198412709869	0.0	0.0	3.11054009217e-06	3.77314829826	0.788633048534	300.0	25.1856880188
20100815	0.0	40133.0	0.0	1514.0	0.0026420080103	0.00198150589131	0.0	0.0	3.42954922417e-06	3.64068675041	0.77684533596	2.31651242188e-07	25.6679935455
20100816	0.0	40638.0	0.0	1513.0	0.00264375424013	0.00198281556368	0.0	0.0	4.45879368272e-06	3.6080634594	0.855047047138	103.598831177	24.6981277466
20100817	0.0	39636.0	0.0	1511.0	0.00264725345187	0.00132362672593	0.0	0.0	6.1788396124e-06	3.71674370766	0.769085526466	300.0	25.6913967133
20100818	0.0	38871.0	0.0	1511.0	0.00264725345187	0.00132362672593	0.0	0.0	7.37941672924e-06	3.57379221916	0.788383960724	196.401168823	26.2861728668
20100819	0.0	38634.0	0.0	1514.0	0.0026420080103	0.00132100400515	0.0	0.0	1.63683253049e-05	3.41149258614	0.777854442596	0.0	25.7764225006
20100820	0.0	38001.0	0.0	1516.0	0.00263852253556	0.00131926126778	0.0	0.0	4.10435241065e-05	3.36345648766	0.810658752918	0.0	25.4533691406
20100821	0.0	36998.0	0.0	1517.0	0.00263678305782	0.00197758735158	0.0	0.0	0.000190556398593	3.40738296509	0.778280198574	300.0	25.7889690399
20100822	0.0	29744.0	0.0	1518.0	0.00263504614122	0.00131752307061	0.0	0.0	0.000204195908736	3.35638999939	0.750175178051	0.0	26.2039413452
20100823	0.0	31544.0	0.0	1518.0	0.00263504614122	0.00197628466412	0.0	0.0	0.000221608119318	2.65876150131	0.730486035347	300.0	26.474401474
20100824	0.0	32547.0	0.0	1516.0	0.00263852253556	0.00131926126778	0.0	0.0	0.000307057140162	2.90897107124	0.752973616123	0.0	25.9682388306
20100825	0.0	32934.0	0.0	1518.0	0.00263504614122	0.00197628466412	0.0	0.0	0.000569648866076	2.89723300934	0.777555763721	0.0	25.40076828
20100826	0.0	33334.0	0.0	1518.0	0.00263504614122	0.00197628466412	0.0	0.0	0.000710639171302	2.96508574486	0.82105743885	57.3040847778	25.5926647186
20100827	0.0	34209.0	0.0	1518.0	0.00263504614122	0.00197628466412	0.0	0.0	0.000693602545653	3.07707500458	0.748407542706	141.114135742	25.7713909149
20100828	0.0	33768.0	0.0	1515.0	0.00264026410878	0.00198019808158	0.0	0.0	0.00105103384703	3.17227721214	0.782060742378	0.0	25.9948444366
20100829	0.0	34176.0	0.0	1514.0	0.0026420080103	0.00198150589131	0.0	0.0	0.000659192912281	3.04095125198	0.767774760723	57.3040847778	26.0276889801
20100830	0.0	41716.0	0.0	1515.0	0.00264026410878	0.00198019808158	0.0	0.0	0.000994342844933	3.01452159882	0.817747294903	0.0	24.3431968689
20100831	0.0	42675.0	0.0	1512.0	0.00264550256543	0.00198412709869	0.0	0.0	0.000780223286711	3.73346567154	0.784142971039	0.0	25.708240509
20100901	0.0	34265.0	0.0	1514.0	0.0026420080103	0.00198150589131	0.0	0.0	0.00109403312672	3.82694864273	0.766849339008	0.0	25.9962234497
20100902	0.0	41628.0	0.0	1513.0	0.00264375424013	0.00264375424013	0.0	0.0	0.00114656379446	3.130204916	0.761155307293	0.0	25.2877006531
20100903	0.0	42510.0	0.0	1517.0	0.00263678305782	0.00197758735158	0.0	0.0	0.00120527425315	3.76796317101	0.806919336319	262.484710693	25.3016204834
20100904	0.0	42172.0	0.0	1515.0	0.00264026410878	0.00198019808158	0.0	0.0	0.00128447078168	3.80660057068	0.789137065411	141.114135742	25.1337356567
20100905	0.0	33970.0	0.0	1514.0	0.0026420080103	0.00198150589131	0.0	0.0	0.00124371389393	3.82959032059	0.767767131329	0.0	25.0869197845
20100906	0.0	33672.0	0.0	1515.0	0.00264026410878	0.00132013205439	0.0	0.0	0.00125366693828	3.05478549004	0.798467874527	0.0	25.5797519684
20100907	0.0	32157.0	0.0	1521.0	0.00262984889559	0.0013149244478	0.0	0.0	0.00120002496988	3.00723218918	0.905054450035	0.0	24.3477478027
20100908	0.0	33906.0	0.0	1516.0	0.00263852253556	0.000659630633891	0.0	0.0	0.00115532695781	2.90039587021	0.780922174454	216.189956665	24.9545173645
20100909	0.0	33587.0	0.0	1517.0	0.00263678305782	0.00131839152891	0.0	0.0	0.00111144746188	3.07053399086	0.811157643795	178.6746521	24.7610340118
20100910	0.0	34918.0	0.0	1518.0	0.00263504614122	0.00131752307061	0.0	0.0	0.00103893445339	2.95783925056	0.806750714779	141.114135742	25.0009174347
20100911	0.0	34348.0	0.0	1518.0	0.00263504614122	0.00197628466412	0.0	0.0	0.000983987585641	3.13175225258	0.894391059875	300.0	23.9407272339
20100912	0.0	34230.0	0.0	1518.0	0.00263504614122	0.00131752307061	0.0	0.0	0.000858118233737	3.10210800171	0.826229631901	300.0	24.8364219666
20100913	0.0	34150.0	0.0	1518.0	0.00263504614122	0.00263504614122	0.0	0.0	0.000701862038113	3.10803675652	0.828422009945	300.0	25.6671657562
20100914	5.79189727432e-05	34531.0	0.0	1519.0	0.0026333113201	0.00197498360649	0.0	0.0	0.000547400384676	3.07044124603	0.825744271278	216.189956665	25.2493362427
20100915	2.80670246866e-05	35629.0	0.0	1520.0	0.00263157906011	0.00197368417867	0.0	0.0	0.000413418601966	3.15263175964	0.796525895596	0.0	25.2186660767
20100916	2.80002241198e-05	35714.0	0.0	1519.0	0.0026333113201	0.0026333113201	0.000658327830024	0.0	0.000370929163182	3.18564844131	0.783835887909	0.0	25.6861495972
20100917	2.96252401313e-05	33755.0	0.0	1519.0	0.0026333113201	0.0026333113201	0.0	0.0	0.000312333431793	3.23568129539	0.821071922779	0.0	25.2713623047
20100918	2.86976992356e-05	34846.0	0.0	1520.0	0.00263157906011	0.00197368417867	0.0	0.0	0.000274588906905	3.06710529327	0.836479604244	0.0	24.5152645111
20100919	0.0	34586.0	0.0	1519.0	0.0026333113201	0.00197498360649	0.0	0.0	0.000243072427111	3.12574052811	0.837394118309	0.0	24.3627948761
20100920	0.0	34047.0	0.0	1518.0	0.00263504614122	0.00197628466412	0.0	0.0	0.000207353776204	3.10671949387	0.872053742409	0.0	24.0772762299
20100921	0.0	27428.0	0.0	1518.0	0.00263504614122	0.00197628466412	0.0	0.0	0.000155914167408	3.06258225441	0.77032238245	242.695922852	25.1041584015
20100922	0.0	27827.0	0.0	1516.0	0.00263852253556	0.00197889190167	0.0	0.0	0.00012009593047	2.4742743969	0.693171918392	0.0	25.6457538605
20100923	3.49589245161e-05	28605.0	0.0	1515.0	0.00264026410878	0.00132013205439	0.0	0.0	9.61911064223e-05	2.48910880089	0.830908715725	0.0	23.8185424805
20100924	0.0	28217.0	0.0	1514.0	0.0026420080103	0.00198150589131	0.0	0.0	7.44043427403e-05	2.61756944656	0.865259706974	242.695922852	23.5390911102
20100925	0.0	28411.0	0.0	1518.0	0.00263504614122	0.00131752307061	0.0	0.0	0.000104629434645	2.54808974266	0.811282753944	83.810043335	24.431848526
20100926	0.0	28618.0	0.0	1518.0	0.00263504614122	0.00197628466412	0.0	0.0	8.36736217025e-05	2.52766799927	0.852769434452	158.885864258	24.208650589
20100927	0.0	29939.0	0.0	1518.0	0.00263504614122	0.00131752307061	0.0	0.0	0.000222644841415	2.62911725044	0.86596351862	300.0	23.4765605927
20100928	0.0	30608.0	0.0	1517.0	0.00263678305782	0.00131839152891	0.0	0.0	0.000192385938135	2.70863556862	0.877147257328	19.7887878418	23.3796615601
20100929	0.0	31093.0	0.0	1518.0	0.00329380761832	0.00131752307061	0.0	0.0	0.000375663890736	2.71739149094	0.853105902672	57.3040847778	23.9533443451
20100930	0.0	32593.0	0.0	1516.0	0.00263852253556	0.000659630633891	0.0	0.0	0.000308098329697	2.80540895462	0.907352924347	0.0	23.252532959
20101001	0.0	33888.0	0.0	1514.0	0.0026420080103	0.00132100400515	0.0	0.0	0.000353267561877	2.94715976715	0.881292104721	242.695922852	23.7885227203
20101002	0.0	35146.0	0.0	1511.0	0.00264725345187	0.000661813362967	0.0	0.0	0.00028091770946	3.10853743553	0.845512628555	178.6746521	24.5789279938
20101003	0.0	28144.0	0.0	1512.0	0.00264550256543	0.00132275128271	0.0	0.0	0.000254354614299	3.15873003006	0.894354045391	300.0	24.9389839172
20101004	0.0	29038.0	0.0	1513.0	0.00264375424013	0.00132187712006	0.0	0.0	0.000191278304555	2.53668212891	0.897524356842	242.695922852	25.0428028107
20101005	0.0	28263.0	0.0	1513.0	0.00264375424013	0.00132187712006	0.0	0.0	0.000157788032084	2.6239259243	0.850900828838	0.0	25.0432243347
20101006	0.0	28268.0	0.0	1514.0	0.0026420080103	0.00132100400515	0.0	0.0	0.000128888452309	2.47424030304	0.835344433784	0.0	25.0675144196
20101007	0.0	28009.0	0.0	1514.0	0.0026420080103	0.00132100400515	0.0	0.0	0.000109561457066	2.51254963875	0.846206367016	0.0	24.7367801666
20101008	0.0	27938.0	0.0	1515.0	0.00264026410878	0.000660066027194	0.0	0.0	9.47563530644e-05	2.53003311157	0.91701734066	0.0	24.1437644958
20101009	0.0	26675.0	0.0	1518.0	0.00263504614122	0.00131752307061	0.0	0.0	7.34126879252e-05	2.51646900177	0.854223370552	300.0	25.1782989502
20101010	0.0	26779.0	0.0	1515.0	0.00264026410878	0.00198019808158	0.0	0.0	6.08943337284e-05	2.40726065636	0.806817650795	0.0	24.9512615204
20101011	0.0	28076.0	0.0	1513.0	0.00264375424013	0.00132187712006	0.0	0.0	4.9934060371e-05	2.41110372543	0.841834366322	0.0	25.0491466522
20101012	0.0	27297.0	0.0	1513.0	0.00264375424013	0.00132187712006	0.0	0.0	5.29577082489e-05	2.50627875328	0.839683711529	300.0	24.6557102203
20101013	0.0	34309.0	0.0	1514.0	0.0026420080103	0.00198150589131	0.0	0.0	4.42522723461e-05	2.48150587082	0.82570618391	0.0	25.1006374359
20101014	0.0	33994.0	0.0	1516.0	0.00263852253556	0.00197889190167	0.0	0.0	0.00011126400932	3.07387852669	0.822696805	216.189956665	25.1783733368
20101015	0.0	33891.0	0.0	1515.0	0.00264026410878	0.00132013205439	0.0	0.0	8.94723634701e-05	3.07062697411	0.836277246475	0.0	25.1750907898
20101016	0.0	35123.0	0.0	1519.0	0.0026333113201	0.0	0.0	0.0	0.000213283317862	2.99012494087	0.845528900623	0.0	24.8378372192
20101017	0.0	34680.0	0.0	1516.0	0.00263852253556	0.00131926126778	0.0	0.0	0.00017206868506	3.15171504021	0.825546205044	0.0	24.8456611633
20101018	0.0	34402.0	0.0	1515.0	0.00264026410878	0.00198019808158	0.0	0.0	0.000242812064243	3.1570956707	0.837866723537	0.0	24.3177108765
20101019	0.0	33968.0	0.0	1517.0	0.00263678305782	0.000659195764456	0.0	0.0	0.000195385888219	3.07976269722	0.786711215973	300.0	24.780172348
20101020	0.0	33548.0	0.0	1516.0	0.00263852253556	0.000659630633891	0.0	0.0	0.000193062965991	2.96438002586	0.831945180893	0.0	24.9941864014
20101021	0.0	33934.0	0.0	1519.0	0.0026333113201	0.00197498360649	0.0	0.0	0.000152693624841	3.00592494011	0.731256246567	300.0	25.3677406311
20101022	0.0	34833.0	0.0	1519.0	0.00197498360649	0.00131665566005	0.0	0.0	0.000127462975797	3.09150743484	0.748634338379	0.0	25.3760509491
20101023	0.0	35397.0	0.0	1523.0	0.00196979637258	0.00131319765933	0.0	0.0	9.84130820143e-05	3.0761654377	0.737060308456	0.0	25.5345630646
20101024	0.0	34427.0	0.0	1525.0	0.00196721311659	0.000655737705529	0.0	0.0	7.49868486309e-05	3.20196723938	0.787278294563	300.0	24.6230640411
20101025	0.0	33637.0	0.0	1525.0	0.00196721311659	0.00196721311659	0.0	0.0	5.78230137762e-05	3.09573769569	0.758531749249	0.0	24.8725090027
20101026	0.0	32782.0	0.0	1521.0	0.00197238661349	0.0013149244478	0.0	0.0	4.22395787609e-05	3.05193948746	0.818454742432	0.0	24.4351081848
20101027	0.0	32527.0	0.0	1515.0	0.00198019808158	0.00198019808158	0.0	0.0	3.35197764798e-05	2.99537968636	0.808360993862	0.0	23.4804706573
20101028	2.95613099297e-05	33828.0	0.0	1516.0	0.00197889190167	0.00197889190167	0.0	0.0	2.52636182267e-05	2.94063329697	0.737210810184	0.0	24.125793457
20101029	3.02489479509e-05	33059.0	0.0	1515.0	0.00198019808158	0.00132013205439	0.0	0.0	2.05765172723e-05	2.99471950531	0.796650767326	0.0	24.0544242859
20101030	2.96806356346e-05	33692.0	0.0	1515.0	0.00198019808158	0.00132013205439	0.0	0.0	1.65955625562e-05	2.99207925797	0.802909076214	0.0	24.9006900787
20101031	0.0	34649.0	0.0	1514.0	0.00198150589131	0.00198150589131	0.0	0.0	1.68900915014e-05	3.03500652313	0.801482439041	0.0	25.1427936554
20101101	0.0	34125.0	0.0	1517.0	0.00263678305782	0.00131839152891	0.0	0.0	0.000580787134822	3.13909029961	0.768061339855	0.0	24.563211441
20101102	0.0	34799.0	0.0	1515.0	0.00264026410878	0.00132013205439	0.0	0.0	0.000539497588761	3.02046203613	0.818004131317	0.0	23.9760875702
20101103	0.0	34346.0	0.0	1516.0	0.00263852253556	0.00131926126778	0.0	0.0	0.000576201826334	3.13126635551	0.897968053818	57.3040847778	22.9340667725
20101104	0.0	33813.0	0.0	1516.0	0.00197889190167	0.000659630633891	0.0	0.0	2.03929266718e-05	3.07717680931	0.971057295799	0.0	22.8706893921
20101105	0.0	33250.0	0.0	1517.0	0.00197758735158	0.000659195764456	0.0	0.0	1.79637954716e-05	3.02636790276	0.910045564175	19.7887878418	23.8197631836
20101106	0.0	32908.0	0.0	1518.0	0.00197628466412	0.000658761535306	0.0	0.0	1.97278386622e-05	2.97496700287	0.852657258511	0.0	23.0267314911
20101107	0.0	34292.0	0.0	1520.0	0.00197368417867	0.000657894765027	0.0	0.0	1.86746638065e-05	2.95789456367	0.725116670132	0.0	23.2061347961
20101108	0.0	27650.0	0.0	1518.0	0.00197628466412	0.000658761535306	0.0	0.0	1.76445446414e-05	3.06455874443	0.740613520145	0.0	23.1900234222
20101109	0.0	27945.0	0.0	1517.0	0.00197758735158	0.000659195764456	0.0	0.0	1.86309262062e-05	2.47593927383	0.822087466717	0.0	22.9158325195
20101110	0.0	29234.0	0.0	1520.0	0.00197368417867	0.000657894765027	0.0	0.0	1.58453585755e-05	2.51710534096	0.785783231258	0.0	23.2969379425
20101111	0.0	28645.0	0.0	1520.0	0.00197368417867	0.000657894765027	0.0	0.0	1.73190601345e-05	2.50657892227	0.769278943539	0.0	22.9556941986
20101112	0.0	28003.0	0.0	1519.0	0.00197498360649	0.0	0.0	0.0	1.43684983414e-05	2.53258728981	0.745114386082	0.0	22.5971183777
20101113	0.0	29285.0	0.0	1522.0	0.00197109067813	0.000657030206639	0.0	0.0	1.53890450747e-05	2.61695146561	0.761097192764	0.0	23.0873985291
20101114	0.0	23498.0	0.0	1520.0	0.00197368417867	0.000657894765027	0.0	0.0	1.22373221529e-05	2.63947367668	0.766587018967	0.0	23.6180839539
20101115	0.0	23572.0	0.0	1518.0	0.00197628466412	0.000658761535306	0.0	0.0	1.32104451041e-05	2.06192350388	0.764694809914	0.0	24.4699420929
20101116	0.0	24042.0	0.0	1515.0	0.00198019808158	0.000660066027194	0.0	0.0	1.0100837244e-05	2.11155128479	0.724808096886	57.3040847778	23.8563346863
20101117	0.0	24245.0	0.0	1515.0	0.00198019808158	0.000660066027194	0.0	0.0	1.13914175017e-05	2.20726084709	0.745741307735	0.0	23.9227695465
20101118	0.0	24316.0	0.0	1519.0	0.00197498360649	0.000658327830024	0.0	0.0	8.63119748828e-06	2.14088225365	0.696946501732	0.0	23.2170734406
20101119	0.0	24516.0	0.0	1520.0	0.00197368417867	0.0	0.0	0.0	1.02989488369e-05	2.19473671913	0.730494201183	0.0	23.2495708466
20101120	0.0	24587.0	0.0	1516.0	0.00197889190167	0.000659630633891	0.0	0.0	7.8444591054e-06	2.29485487938	0.763651490211	0.0	22.9643497467
20101121	0.0	24647.0	0.0	1517.0	0.00263678305782	0.0	0.0	0.0	0.000186190780369	2.18523406982	0.739824652672	0.0	23.2833442688
20101122	0.0	24484.0	0.0	1515.0	0.00264026410878	0.000660066027194	0.0	0.0	0.000146147271153	2.16765666008	0.692647695541	0.0	23.0592975616
20101123	0.0	24485.0	0.0	1516.0	0.00263852253556	0.000659630633891	0.0	0.0	0.000131006949232	2.19261217117	0.709625422955	0.0	23.7156772614
20101124	0.0	24811.0	0.0	1512.0	0.00198412709869	0.000661375641357	0.0	0.0	5.23280459674e-06	2.18055558205	0.66161429882	0.0	23.194103241
20101125	0.0	24935.0	0.0	1511.0	0.00132362672593	0.000661813362967	0.0	0.0	4.51920777778e-06	2.23891472816	0.68638664484	0.0	23.2787837982
20101126	0.0	25250.0	0.0	1511.0	0.00132362672593	0.000661813362967	0.0	0.0	3.58970896741e-06	2.27002000809	0.649420142174	0.0	22.767206192
20101127	0.0	23939.0	0.0	1512.0	0.00132275128271	0.000661375641357	0.0	0.0	2.82905580207e-06	2.29365062714	0.671597719193	0.0	23.5232639313
20101128	0.0	23745.0	0.0	1512.0	0.00132275128271	0.000661375641357	0.0	0.0	2.53567395703e-06	2.11838626862	0.686752974987	0.0	23.2984695435
20101129	0.0	23685.0	0.0	1513.0	0.00132187712006	0.000660938560031	0.0	0.0	1.93129108084e-06	2.07865166664	0.675752997398	0.0	23.2668533325
20101130	0.0	23493.0	0.0	1517.0	0.00131839152891	0.0	0.0	0.0	2.30364412346e-06	2.09030985832	0.703441023827	0.0	22.7158050537
20101201	0.0	23121.0	0.0	1517.0	0.00131839152891	0.000659195764456	0.0	0.0	1.7268710053e-06	2.16413974762	0.714716315269	0.0	22.6047286987
20101202	0.0	23076.0	0.0	1516.0	0.00131926126778	0.000659630633891	0.0	0.0	3.12007182401e-06	2.10883903503	0.779174983501	0.0	22.5915851593
20101203	0.0	22033.0	0.0	1518.0	0.00131752307061	0.00131752307061	0.0	0.0	2.27222471949e-06	2.08695650101	0.769558668137	0.0	21.3674869537
20101204	0.0	21860.0	0.0	1516.0	0.00131926126778	0.000659630633891	0.0	0.0	4.28827524956e-06	2.05606865883	0.750679910183	0.0	22.0511188507
20101205	0.0	17604.0	0.0	1515.0	0.00132013205439	0.0	0.0	0.0	3.0943085676e-06	1.99009907246	0.759915888309	0.0	22.1343002319
20101206	0.0	18018.0	0.0	1518.0	0.00131752307061	0.000658761535306	0.0	0.0	4.28171597378e-06	1.59354412556	0.720613181591	0.0	22.3237991333
20101207	0.0	18391.0	0.0	1520.0	0.00131578953005	0.00131578953005	0.0	0.0	3.29957993017e-06	1.65065789223	0.72197920084	0.0	23.1421527863
20101208	0.0	18680.0	0.0	1520.0	0.00131578953005	0.000657894765027	0.0	0.0	4.05405398851e-06	1.69210517406	0.902478277683	0.0	22.5503158569
20101209	0.0	18867.0	0.0	1517.0	0.00131839152891	0.000659195764456	0.0	0.0	3.27971542902e-06	1.70929467678	0.874034523964	37.515296936	23.3095836639
20101210	0.0	18873.0	0.0	1518.0	0.00131752307061	0.00131752307061	0.0	0.0	3.37668984685e-06	1.72990787029	0.793133378029	262.484710693	23.6809120178
20101211	0.0	19013.0	0.0	1519.0	0.00131665566005	0.000658327830024	0.0	0.0	2.66829465545e-06	1.69124424458	0.829387366772	0.0	23.3410224915
20101212	0.0	19112.0	0.0	1519.0	0.00131665566005	0.00131665566005	0.0	0.0	3.0783908187e-06	1.76695203781	0.842713117599	0.0	22.3635139465
20101213	0.0	19088.0	0.0	1520.0	0.00131578953005	0.000657894765027	0.0	0.0	2.52929066846e-06	1.62960529327	0.833926618099	0.0	20.7589912415
20101214	0.0	19052.0	0.0	1517.0	0.00131839152891	0.000659195764456	0.0	0.0	4.19355956183e-06	1.65458142757	0.796170711517	0.0	19.854019165
20101215	0.0	18942.0	0.0	1517.0	0.00131839152891	0.000659195764456	0.0	0.0	3.61637899005e-06	1.70533943176	0.771401822567	0.0	20.576631546
20101216	0.0	15271.0	0.0	1514.0	0.00132100400515	0.000660502002575	0.0	0.0	6.16839724898e-06	1.72655212879	0.773871898651	0.0	22.1087150574
20101217	0.0	15620.0	0.0	1514.0	0.00132100400515	0.000660502002575	0.0	0.0	5.62396871828e-06	1.37912809849	0.751018345356	0.0	22.447977066
20101218	0.0	15712.0	0.0	1515.0	0.00132013205439	0.000660066027194	0.0	0.0	6.93454740031e-06	1.39801979065	0.768218159676	242.695922852	21.7198696136
20101219	0.0	15893.0	0.0	1514.0	0.00132100400515	0.000660502002575	0.0	0.0	7.13601139068e-06	1.44914138317	0.70560914278	0.0	22.824760437
20101220	0.0	15914.0	0.0	1515.0	0.00132013205439	0.0	0.0	0.0	6.67762242301e-06	1.41980195045	0.695458114147	0.0	22.0451774597
20101221	0.0	16093.0	0.0	1515.0	0.00132013205439	0.000660066027194	0.0	0.0	7.37789059713e-06	1.41056108475	0.730359554291	0.0	21.5999794006
20101222	0.0	15956.0	0.0	1516.0	0.00131926126778	0.000659630633891	0.0	0.0	6.11592167843e-06	1.4967019558	0.788453221321	0.0	20.9373054504
20101223	0.0	16031.0	0.0	1515.0	0.00132013205439	0.000660066027194	0.0	0.0	7.8339880929e-06	1.39933991432	0.684218585491	0.0	20.8823013306
20101224	0.0	12896.0	0.0	1515.0	0.00132013205439	0.0	0.0	0.0	5.99817212787e-06	1.43894386292	0.727731525898	0.0	21.1224498749
20101225	0.0	13222.0	0.0	1515.0	0.00132013205439	0.0	0.0	0.0	8.57863778947e-06	1.20990097523	0.706637024879	0.0	22.0090770721
20101226	0.0	13450.0	0.0	1513.0	0.00132187712006	0.0	0.0	0.0	6.52445760352e-06	1.19695961475	0.804251372814	0.0	21.7123031616
20101227	0.0	13219.0	0.0	1513.0	0.00132187712006	0.0	0.0	0.0	9.28948702494e-06	1.21083950996	0.722383201122	0.0	20.5055618286
20101228	0.0	13422.0	0.0	1517.0	0.00131839152891	0.000659195764456	0.0	0.0	7.03383739165e-06	1.20566916466	0.691172838211	0.0	20.4769458771
20101229	0.0	13552.0	0.0	1518.0	0.00131752307061	0.0	0.0	0.0	9.51484344114e-06	1.2134386301	0.685782372952	0.0	20.9226646423
20101230	0.0	13729.0	0.0	1522.0	0.00131406041328	0.000657030206639	0.0	0.0	7.2066291068e-06	1.23390269279	0.618885040283	0.0	21.2806415558
20101231	0.0	13646.0	0.0	1520.0	0.00131578953005	0.0	0.0	0.0	7.97413667897e-06	1.21513164043	0.636032283306	0.0	20.9480991364
20110101	0.0	13804.0	0.0	1520.0	0.00131578953005	0.000657894765027	0.0	0.0	6.0604884311e-06	1.2177631855	0.696147501469	0.0	21.5215454102
20110102	0.0	11012.0	0.0	1519.0	0.00131665566005	0.000658327830024	0.0	0.0	5.65131131225e-06	1.2350230217	0.65335214138	0.0	21.5978012085
20110103	0.0	11452.0	0.0	1520.0	0.00131578953005	0.000657894765027	0.0	0.0	4.3015133997e-06	0.951973676682	0.615613341331	0.0	21.3001384735
20110104	0.0	12501.0	0.0	1518.0	0.00131752307061	0.000658761535306	0.0	0.0	3.48247954207e-06	1.00329387188	0.645710289478	0.0	21.5433883667
20110105	0.0	12674.0	0.0	1518.0	0.00131752307061	0.000658761535306	0.0	0.0	2.68569874606e-06	1.13109362125	0.757299482822	0.0	21.9151153564
20110106	0.0	12770.0	0.0	1518.0	0.00131752307061	0.000658761535306	0.0	0.0	2.06253685064e-06	1.14690387249	0.794940412045	0.0	22.727558136
20110107	0.0	12909.0	0.0	1515.0	0.00132013205439	0.000660066027194	0.0	0.0	1.67093719483e-06	1.14323437214	0.76679456234	0.0	22.5097770691
20110108	0.0	12564.0	0.0	1511.0	0.00132362672593	0.0	0.0	0.0	1.2754163663e-06	1.1700861454	0.793674051762	0.0	22.759262085
20110109	0.0	12712.0	0.0	1516.0	0.00131926126778	0.000659630633891	0.0	0.0	1.20843731111e-06	1.14050126076	0.763388633728	0.0	23.4513664246
20110110	0.0	12632.0	0.0	1515.0	0.00132013205439	0.000660066027194	0.0	0.0	9.10688413569e-07	1.13663363457	0.726028561592	0.0	23.3435897827
20110111	0.0	16216.0	0.0	1517.0	0.00131839152891	0.000659195764456	0.0	0.0	1.26009422274e-06	1.16545820236	0.68603104353	0.0	22.7414302826
20110112	0.0	15840.0	0.0	1518.0	0.00131752307061	0.000658761535306	0.0	0.0	9.45171564126e-07	1.48221349716	0.769146740437	0.0	23.3703231812
20110113	0.0	15495.0	0.0	1521.0	0.0013149244478	0.000657462223899	0.0	0.0	1.95787310986e-06	1.40696918964	0.782941877842	0.0	23.0879840851
20110114	0.0	15296.0	0.0	1518.0	0.00131752307061	0.000658761535306	0.0	0.0	1.46800346101e-06	1.39986824989	0.809147417545	0.0	22.5842018127
20110115	0.0	14657.0	0.0	1514.0	0.00132100400515	0.00132100400515	0.0	0.0	3.29045360559e-06	1.32166445255	0.759402513504	0.0	22.5569972992
20110116	0.0	14611.0	0.0	1519.0	0.00131665566005	0.00131665566005	0.0	0.0	2.45382148023e-06	1.26596438885	0.687993884087	0.0	22.840970993
20110117	0.0	14430.0	0.0	1519.0	0.00131665566005	0.00131665566005	0.0	0.0	4.44027318736e-06	1.32718884945	0.696013152599	0.0	22.9439048767
20110118	0.0	14254.0	0.0	1516.0	0.00131926126778	0.00131926126778	0.0	0.0	3.61077240996e-06	1.28693938255	0.749375343323	0.0	23.676738739
20110119	0.0	17228.0	0.0	1515.0	0.00132013205439	0.00132013205439	0.0	0.0	5.34499713467e-06	1.26402640343	0.784986495972	0.0	23.1566867828
20110120	0.0	16863.0	0.0	1516.0	0.00131926126778	0.0	0.0	0.0	4.32804108641e-06	1.56596302986	0.659294366837	0.0	22.9491043091
20110121	0.0	16529.0	0.0	1515.0	0.00132013205439	0.0	0.0	0.0	6.02379986958e-06	1.54851484299	0.717098772526	0.0	22.9829921722
20110122	0.0	16186.0	0.0	1514.0	0.00132100400515	0.000660502002575	0.0	0.0	4.93628385811e-06	1.4953764677	0.737672150135	0.0	23.1619625092
20110123	0.0	18918.0	0.0	1514.0	0.00132100400515	0.000660502002575	0.0	0.0	6.04970773566e-06	1.42206072807	0.712553858757	0.0	23.5600814819
20110124	0.0	18642.0	0.0	1516.0	0.00131926126778	0.00131926126778	0.0	0.0	5.38005679118e-06	1.71306061745	0.615040004253	0.0	23.0012588501
20110125	0.0	18174.0	0.0	1515.0	0.00132013205439	0.00132013205439	0.0	0.0	6.73377508065e-06	1.67524755001	0.630396068096	0.0	23.3212928772
20110126	0.0	17960.0	0.0	1515.0	0.00132013205439	0.000660066027194	0.0	0.0	6.86134535499e-06	1.62112212181	0.694180548191	0.0	22.8844871521
20110127	0.0	17649.0	0.0	1512.0	0.00132275128271	0.000661375641357	0.0	0.0	7.91475667938e-06	1.67063498497	0.684450089931	0.0	23.4240989685
20110128	0.0	17355.0	0.0	1511.0	0.00132362672593	0.00132362672593	0.0	0.0	8.31487068353e-06	1.6214427948	0.72749710083	0.0	22.7217597961
20110129	0.0	17175.0	0.0	1508.0	0.0013262599241	0.000663129962049	0.0	0.0	8.61048465595e-06	1.55769228935	0.719405651093	0.0	22.9147758484
20110130	0.0	16972.0	0.0	1513.0	0.00198281556368	0.00198281556368	0.0	0.0	1.69329559867e-05	1.54130864143	0.685491800308	0.0	22.8316802979
20110131	0.0	17376.0	0.0	1511.0	0.00132362672593	0.000661813362967	0.0	0.0	8.93219839782e-06	1.58702850342	0.713814079762	0.0	23.3407363892
20110201	0.0	17138.0	0.0	1514.0	0.00198150589131	0.0	0.0	0.0	1.58673574333e-05	1.54689562321	0.645862817764	0.0	23.3759078979
20110202	0.0	16862.0	0.0	1512.0	0.00264550256543	0.000661375641357	0.0	0.0	1.40128631756e-05	1.49404764175	0.674245238304	0.0	23.3266944885
20110203	0.0	16832.0	0.0	1512.0	0.00264550256543	0.000661375641357	0.0	0.0	1.55933612405e-05	1.55026447773	0.661611914635	0.0	22.4261951447
20110204	0.0	16635.0	0.0	1513.0	0.00198281556368	0.0	0.0	0.0	1.32511804622e-05	1.54196953773	0.645137727261	0.0	23.1679496765
20110205	0.0	16587.0	0.0	1512.0	0.00198412709869	0.0	0.0	0.0	1.52808243001e-05	1.51190471649	0.661122083664	0.0	23.7663516998
20110206	0.0	16597.0	0.0	1514.0	0.00198150589131	0.0	0.0	0.0	1.26822233142e-05	1.49141347408	0.658117830753	0.0	24.2108192444
20110207	0.0	16605.0	0.0	1514.0	0.00198150589131	0.000660502002575	0.0	0.0	1.3652128473e-05	1.50858652592	0.654461741447	0.0	24.0046157837
20110208	0.0	16970.0	0.0	1513.0	0.00198281556368	0.000660938560031	0.0	0.0	1.09342572614e-05	1.53536021709	0.635918140411	0.0	23.9504299164
20110209	0.0	20400.0	0.0	1511.0	0.00198544003069	0.000661813362967	0.0	0.0	1.04426544567e-05	1.47915291786	0.580962359905	0.0	23.8946552277
20110210	0.0	19888.0	0.0	1509.0	0.00198807148263	0.000662690552417	0.0	0.0	8.12681628304e-06	1.84227967262	0.667719125748	0.0	23.9086818695
20110211	0.0	19969.0	0.0	1512.0	0.00198412709869	0.000661375641357	0.0	0.0	6.86381963533e-06	1.79563498497	0.682019889355	0.0	23.9904766083
20110212	0.0	19665.0	0.0	1513.0	0.00198281556368	0.00132187712006	0.0	0.0	5.43187024959e-06	1.78982150555	0.647902607918	0.0	24.3285923004
20110213	0.0	19368.0	0.0	1514.0	0.00198150589131	0.000660502002575	0.0	0.0	4.24598465543e-06	1.77278733253	0.692967057228	0.0	24.1764545441
20110214	0.0	19116.0	0.0	1512.0	0.00198412709869	0.00132275128271	0.0	0.0	3.73982584279e-06	1.68783068657	0.711484074593	0.0	23.9437446594
20110215	0.0	18928.0	0.0	1511.0	0.00198544003069	0.000661813362967	0.0	0.0	2.85478063233e-06	1.71475839615	0.710011184216	0.0	24.2998199463
20110216	0.0	18801.0	0.0	1509.0	0.00198807148263	0.000662690552417	0.0	0.0	3.29273757416e-06	1.71504306793	0.770408630371	0.0	23.4039554596
20110217	0.0	18800.0	0.0	1514.0	0.00198150589131	0.000660502002575	0.0	0.0	2.47541629506e-06	1.67899608612	0.741611897945	0.0	22.9217834473
20110218	0.0	18601.0	0.0	1512.0	0.00198412709869	0.00132275128271	0.0	0.0	4.44779016107e-06	1.78373014927	0.645632266998	0.0	23.2161617279
20110219	0.0	18571.0	0.0	1509.0	0.00198807148263	0.000662690552417	0.0	0.0	3.36582024829e-06	1.68257129192	0.691123306751	0.0	22.6909427643
20110220	0.0	18294.0	0.0	1508.0	0.00198939000256	0.000663129962049	0.0	0.0	6.50507718092e-06	1.66379308701	0.598519802094	0.0	23.1312046051
20110221	0.0	18376.0	0.0	1509.0	0.00198807148263	0.0	0.0	0.0	4.89455851493e-06	1.57587814331	0.636485517025	0.0	23.3539352417
20110222	0.0	18377.0	0.0	1509.0	0.00198807148263	0.00132538110483	0.0	0.0	7.45230499888e-06	1.74155068398	0.653380215168	0.0	23.362859726
20110223	0.0	18377.0	0.0	1508.0	0.00198939000256	0.0013262599241	0.0	0.0	5.49818651052e-06	1.61405837536	0.621972680092	0.0	23.4084091187
20110224	0.0	18323.0	0.0	1509.0	0.00198807148263	0.00132538110483	0.0	0.0	6.82629752191e-06	1.65672624111	0.518776357174	0.0	23.4522571564
20110225	0.0	18166.0	0.0	1512.0	0.00198412709869	0.00132275128271	0.0	0.0	4.87261422677e-06	1.61044979095	0.61428129673	0.0	23.415189743
20110226	0.0	18159.0	0.0	1509.0	0.00198807148263	0.00132538110483	0.0	0.0	6.05747027294e-06	1.67130541801	0.504092156887	0.0	23.5670318604
20110227	0.0	18112.0	0.0	1507.0	0.00199070991948	0.00132714002393	0.0	0.0	4.47771344625e-06	1.62242865562	0.531633257866	0.0	23.6614551544
20110228	0.0	18782.0	0.0	1512.0	0.00198412709869	0.00132275128271	0.0	0.0	6.47953083899e-06	1.63161373138	0.535469353199	0.0	23.6728897095
20110301	0.0	18606.0	0.0	1509.0	0.00198807148263	0.00132538110483	0.0	0.0	5.15012698088e-06	1.67594432831	0.625377357006	0.0	23.5303859711
20110302	0.0	18637.0	0.0	1509.0	0.00198807148263	0.00132538110483	0.0	0.0	7.12409564585e-06	1.71040415764	0.627648890018	0.0	23.8445358276
20110303	0.0	18478.0	0.0	1512.0	0.00198412709869	0.00198412709869	0.0	0.0	5.68598898099e-06	1.71693122387	0.66406673193	0.0	23.6013221741
20110304	0.0	18448.0	0.0	1511.0	0.00198544003069	0.00198544003069	0.0	0.0	7.19049558029e-06	1.67703509331	0.655272841454	0.0	23.9446659088
20110305	0.0	18433.0	0.0	1509.0	0.00198807148263	0.000662690552417	0.0	0.0	5.52882693228e-06	1.64612329006	0.696029484272	0.0	23.7078838348
20110306	0.0	18484.0	0.0	1511.0	0.00198544003069	0.00132362672593	0.0	0.0	8.75571095094e-06	1.68299138546	0.66933041811	0.0	24.0550403595
20110307	0.0	18514.0	0.0	1508.0	0.00198939000256	0.000663129962049	0.0	0.0	6.76543186273e-06	1.63925731182	0.628159999847	0.0	24.2363815308
20110308	0.0	18537.0	0.0	1509.0	0.00198807148263	0.000662690552417	0.0	0.0	1.29000382003e-05	1.67925775051	0.569986283779	0.0	23.6088142395
20110309	0.0	18521.0	0.0	1508.0	0.00198939000256	0.000663129962049	0.0	0.0	1.00521228887e-05	1.70092844963	0.582016408443	0.0	23.6136837006
20110310	0.0	18458.0	0.0	1508.0	0.00198939000256	0.000663129962049	0.0	0.0	1.5243857888e-05	1.68633961678	0.649674654007	0.0	23.4274635315
20110311	0.0	18479.0	0.0	1507.0	0.00199070991948	0.000663570011966	0.0	0.0	1.2207439795e-05	1.72926342487	0.584165692329	0.0	23.810962677
20110312	0.0	18439.0	0.0	1506.0	0.00199203193188	0.000664010643959	0.0	0.0	1.39535386552e-05	1.66733074188	0.546625077724	0.0	23.7571220398
20110313	0.0	18454.0	0.0	1506.0	0.00199203193188	0.0	0.0	0.0	1.2051579688e-05	1.65803456306	0.595409274101	0.0	23.5654830933
20110314	0.0	18426.0	0.0	1504.0	0.00199468084611	0.000664893595967	0.0	0.0	1.09825468826e-05	1.70279252529	0.585348427296	0.0	24.0826759338
20110315	0.0	18513.0	0.0	1505.0	0.00199335557409	0.0	0.0	0.0	1.11145236588e-05	1.66710972786	0.61522847414	0.0	24.0468788147
20110316	0.0	18332.0	0.0	1507.0	0.00199070991948	0.000663570011966	0.0	0.0	8.76131525729e-06	1.63238215446	0.619341015816	0.0	23.7787723541
20110317	0.0	18360.0	0.0	1508.0	0.00198939000256	0.0	0.0	0.0	1.00675861177e-05	1.65517246723	0.639897882938	0.0	24.358215332
20110318	0.0	18218.0	0.0	1510.0	0.00198675505817	0.0	0.0	0.0	7.66369248595e-06	1.66490066051	0.531377673149	0.0	24.2192687988
20110319	0.0	22280.0	0.0	1506.0	0.00199203193188	0.0	0.0	0.0	8.84075234353e-06	1.6268260479	0.536229491234	0.0	23.9231586456
20110320	0.0	21888.0	0.0	1507.0	0.00199070991948	0.000663570011966	0.0	0.0	6.72544138069e-06	2.0272064209	0.530913710594	0.0	23.8982448578
20110321	0.0	21457.0	0.0	1506.0	0.00199203193188	0.0	0.0	0.0	7.63432854001e-06	2.00796818733	0.580871760845	0.0	23.5284023285
20110322	0.0	21175.0	0.0	1508.0	0.00198939000256	0.000663129962049	0.0	0.0	5.87135264141e-06	1.97082233429	0.559366941452	0.0	23.3481483459
20110323	0.0	20916.0	0.0	1509.0	0.00198807148263	0.000662690552417	0.0	0.0	5.86695523452e-06	1.97945654392	0.582342863083	0.0	23.7933616638
20110324	0.0	20720.0	0.0	1509.0	0.00198807148263	0.000662690552417	0.0	0.0	4.64143613499e-06	1.86945009232	0.64324837923	0.0	24.992521286
20110325	0.0	20658.0	0.0	1509.0	0.00198807148263	0.00132538110483	0.0	0.0	4.08978257838e-06	1.91716361046	0.645331144333	0.0	25.9321498871
20110326	0.0	20796.0	0.0	1510.0	0.00198675505817	0.000662251666654	0.0	0.0	3.49140009348e-06	1.87880802155	0.657786250114	0.0	26.0027770996
20110327	0.0	20679.0	0.0	1509.0	0.00198807148263	0.0	0.0	0.0	2.74469084616e-06	1.91981446743	0.638942062855	0.0	26.0890750885
20110328	0.0	20529.0	0.0	1508.0	0.00198939000256	0.0013262599241	0.0	0.0	2.90168122774e-06	1.89257287979	0.615222036839	0.0	25.7773246765
20110329	0.0	20569.0	0.0	1508.0	0.00198939000256	0.000663129962049	0.0	0.0	2.20738456846e-06	1.87599468231	0.615960359573	0.0	25.81599617
20110330	0.0	24764.0	0.0	1509.0	0.00198807148263	0.000662690552417	0.0	0.0	3.61274874194e-06	1.81245863438	0.643898069859	0.0	26.4622402191
20110331	0.0	24429.0	0.0	1509.0	0.00265076220967	0.000662690552417	0.0	0.0	3.25691780745e-06	2.23525500298	0.633768379688	0.0	26.79413414
20110401	0.0	24174.0	0.0	1508.0	0.00198939000256	0.0013262599241	0.0	0.0	4.03642843594e-06	2.19562339783	0.626781344414	0.0	25.6614437103
20110402	0.0	23665.0	0.0	1508.0	0.00198939000256	0.0	0.0	0.0	3.08644644065e-06	2.18368697166	0.648837029934	0.0	25.6711215973
20110403	0.0	28205.0	0.0	1509.0	0.00198807148263	0.000662690552417	0.0	0.0	3.760838581e-06	2.1113319397	0.614982306957	0.0	25.5518493652
20110404	0.0	28478.0	0.0	1508.0	0.00198939000256	0.0013262599241	0.0	0.0	2.85001465272e-06	2.60212206841	0.576314628124	0.0	26.0108394623
20110405	0.0	27700.0	0.0	1510.0	0.00198675505817	0.000662251666654	0.0	0.0	3.65203004549e-06	2.53774833679	0.621416926384	0.0	25.3915958405
20110406	0.0	27099.0	0.0	1511.0	0.00198544003069	0.000661813362967	0.0	0.0	2.77391131931e-06	2.46062207222	0.657418131828	0.0	25.4637145996
20110407	0.0	26719.0	0.0	1511.0	0.00198544003069	0.000661813362967	0.0	0.0	5.06610695084e-06	2.41495704651	0.607597351074	0.0	25.2710361481
20110408	0.0	26289.0	0.0	1511.0	0.00198544003069	0.000661813362967	0.0	0.0	3.77658329853e-06	2.40105891228	0.622759222984	0.0	25.1784248352
20110409	0.0	31592.0	0.0	1511.0	0.00198544003069	0.000661813362967	0.0	0.0	6.17880823484e-06	2.38054275513	0.635118603706	0.0	25.187494278
20110410	0.0	30830.0	0.0	1508.0	0.00198939000256	0.000663129962049	0.0	0.0	4.64076856588e-06	2.88461518288	0.618156135082	0.0	24.6985416412
20110411	0.0	30259.0	0.0	1508.0	0.00198939000256	0.0013262599241	0.0	0.0	6.23861205895e-06	2.78912472725	0.629778563976	0.0	24.7493095398
20110412	0.0	24311.0	0.0	1510.0	0.00198675505817	0.000662251666654	0.0	0.0	4.65614675704e-06	2.79668879509	0.635362625122	0.0	25.7971305847
20110413	0.0	24528.0	0.0	1510.0	0.00198675505817	0.00198675505817	0.0	0.0	5.82479424338e-06	2.25430440903	0.687107801437	0.0	25.0693798065
20110414	0.0	24712.0	0.0	1510.0	0.00198675505817	0.000662251666654	0.0	0.0	4.39430959887e-06	2.21059608459	0.687189459801	0.0	24.9234828949
20110415	0.0	25803.0	0.0	1508.0	0.00198939000256	0.00198939000256	0.0	0.0	5.08988341608e-06	2.28448271751	0.664944708347	0.0	25.1405391693
20110416	0.0	25792.0	0.0	1510.0	0.00198675505817	0.00132450333331	0.0	0.0	4.01976103603e-06	2.3556292057	0.644492447376	0.0	25.0134067535
20110417	0.0	25871.0	0.0	1509.0	0.00198807148263	0.00198807148263	0.0	0.0	4.74453599963e-06	2.31809139252	0.625883221626	0.0	24.6409988403
20110418	0.0	25856.0	0.0	1505.0	0.00199335557409	0.00199335557409	0.0	0.0	3.7186055124e-06	2.28571438789	0.620390057564	0.0	25.2506313324
20110419	0.0	26654.0	0.0	1505.0	0.00199335557409	0.000664451799821	0.0	0.0	4.96447228215e-06	2.30298995972	0.667032420635	0.0	24.7726135254
20110420	0.0	26636.0	0.0	1506.0	0.00199203193188	0.00132802128792	0.0	0.0	4.19672142016e-06	2.38911008835	0.700088560581	0.0	24.4607601166
20110421	0.0	26581.0	0.0	1509.0	0.00198807148263	0.000662690552417	0.0	0.0	5.51637958779e-06	2.43273687363	0.651216268539	0.0	24.8966007233
20110422	0.0	26338.0	0.0	1507.0	0.00199070991948	0.000663570011966	0.0	0.0	5.46571573068e-06	2.46848058701	0.609475255013	0.0	24.6472625732
20110423	0.0	26152.0	0.0	1507.0	0.00199070991948	0.000663570011966	0.0	0.0	7.85428801464e-06	2.43662905693	0.669683337212	0.0	24.2856903076
20110424	0.0	21008.0	0.0	1508.0	0.0026525198482	0.00198939000256	0.0	0.0	1.22728242786e-05	2.36671090126	0.644373059273	0.0	25.2752780914
20110425	0.0	21507.0	0.0	1507.0	0.00265428004786	0.00132714002393	0.0	0.0	1.2889710888e-05	1.95355010033	0.659070789814	0.0	25.5734634399
20110426	0.0	23013.0	0.0	1510.0	0.00264900666662	0.000662251666654	0.0	0.0	1.48072385855e-05	1.96556293964	0.736065208912	0.0	25.1165161133
20110427	0.0	23194.0	0.0	1506.0	0.00265604257584	0.00132802128792	0.0	0.0	1.41843238453e-05	2.10292172432	0.703253567219	150.0	25.8789615631
20110428	0.0	23373.0	0.0	1506.0	0.00265604257584	0.0	0.0	0.0	1.52271823026e-05	2.10026550293	0.708168566227	0.0	24.5456752777
20110429	0.0	27449.0	0.0	1507.0	0.00199070991948	0.000663570011966	0.0	0.0	9.44309340412e-06	2.09555411339	0.7113083601	0.0	25.0391273499
20110430	0.0	22192.0	0.0	1506.0	0.00199203193188	0.0	0.0	0.0	8.84237397258e-06	2.5285525322	0.712388515472	0.0	24.9565258026
20110501	0.0	22399.0	0.0	1503.0	0.00199600798078	0.00066533597419	0.0	0.0	9.13617623155e-06	1.938123703	0.772511005402	0.0	23.769865036
20110502	0.0	22744.0	0.0	1503.0	0.00199600798078	0.00066533597419	0.0	0.0	8.03103466751e-06	1.98270130157	0.772806942463	0.0	24.2837905884
20110503	0.0	23118.0	0.0	1503.0	0.00199600798078	0.00133067194838	0.0	0.0	8.01315673016e-06	2.09048581123	0.748370707035	0.0	24.303276062
20110504	0.0	23233.0	0.0	1503.0	0.00199600798078	0.00066533597419	0.0	0.0	6.47041724733e-06	2.05256152153	0.749150693417	0.0	24.0105724335
20110505	0.0	23320.0	0.0	1503.0	0.00199600798078	0.00066533597419	0.0	0.0	6.05686864219e-06	2.09115099907	0.695169985294	0.0	24.0468959808
20110506	0.0	23504.0	0.0	1503.0	0.00199600798078	0.00133067194838	0.0	0.0	4.57176884083e-06	2.09647369385	0.739332139492	0.0	23.9744606018
20110507	0.0	23664.0	0.0	1503.0	0.00199600798078	0.00066533597419	0.0	0.0	4.42084638053e-06	2.14903521538	0.73256778717	0.0	24.3872184753
20110508	0.0	23820.0	0.0	1501.0	0.00199866760522	0.00133244507015	0.0	0.0	3.30569537255e-06	2.16055965424	0.747069120407	0.0	24.4161243439
20110509	0.0	23892.0	0.0	1501.0	0.00199866760522	0.00133244507015	0.0	0.0	4.2613187361e-06	2.13590931892	0.76601088047	0.0	24.4094543457
20110510	0.0	23834.0	0.0	1503.0	0.00199600798078	0.00066533597419	0.0	0.0	3.20635763273e-06	2.15502333641	0.738622546196	0.0	24.612657547
20110511	0.0	22815.0	0.0	1502.0	0.00199733697809	0.00133155786898	0.0	0.0	4.19705247623e-06	2.19440746307	0.758491873741	0.0	24.3539791107
20110512	0.0	22873.0	0.0	1503.0	0.00199600798078	0.00066533597419	0.0	0.0	3.08406447402e-06	2.07651376724	0.748256385326	0.0	23.8951835632
20110513	0.0	23205.0	0.0	1503.0	0.00199600798078	0.00066533597419	0.0	0.0	3.96925861423e-06	2.0	0.733863651752	0.0	23.9879302979
20110514	0.0	23254.0	0.0	1502.0	0.00199733697809	0.00066577893449	0.0	0.0	3.01660770674e-06	2.11051940918	0.763514101505	0.0	24.3938465118
20110515	0.0	23375.0	0.0	1502.0	0.00199733697809	0.00066577893449	0.0	0.0	4.71105477118e-06	2.14447402954	0.751241028309	0.0	24.7262325287
20110516	0.0	18838.0	0.0	1502.0	0.00199733697809	0.00066577893449	0.0	0.0	3.67599182027e-06	2.18242359161	0.765332877636	0.0	24.3255939484
20110517	0.0	20641.0	0.0	1502.0	0.00199733697809	0.00066577893449	0.0	0.0	6.5609306148e-06	1.71571230888	0.750554323196	0.0	24.439414978
20110518	0.0	20011.0	0.0	1504.0	0.00199468084611	0.000664893595967	0.0	0.0	4.98800818605e-06	1.895611763	0.78838378191	0.0	24.5181941986
20110519	0.0	20221.0	0.0	1503.0	0.00199600798078	0.00066533597419	0.0	0.0	7.54337816034e-06	1.78443109989	0.781469404697	0.0	23.1692047119
20110520	0.0	20365.0	0.0	1507.0	0.00199070991948	0.000663570011966	0.0	0.0	5.67672077523e-06	1.76775050163	0.796069204807	0.0	23.9383049011
20110521	0.0	20490.0	0.0	1505.0	0.00199335557409	0.00199335557409	0.0	0.0	7.95999221737e-06	1.81993353367	0.81554287672	0.0	23.9477272034
20110522	0.0	20715.0	0.0	1503.0	0.00199600798078	0.00066533597419	0.0	0.0	5.98459973844e-06	1.86294078827	0.796886980534	0.0	24.8208026886
20110523	0.0	20748.0	0.0	1505.0	0.00199335557409	0.000664451799821	0.0	0.0	8.18408989289e-06	1.86112952232	0.806602239609	0.0	24.4911899567
20110524	0.0	20901.0	0.0	1504.0	0.00199468084611	0.000664893595967	0.0	0.0	6.22777952231e-06	1.88896274567	0.823498904705	0.0	24.1269550323
20110525	0.0	20976.0	0.0	1506.0	0.00199203193188	0.0	0.0	0.0	7.52369851398e-06	1.88047814369	0.85966783762	0.0	24.1472034454
20110526	0.0	21097.0	0.0	1504.0	0.00265957438387	0.000664893595967	0.0	0.0	5.84226927458e-06	1.9009308815	0.806622743607	0.0	24.8997383118
20110527	0.0	21167.0	0.0	1503.0	0.00199600798078	0.00133067194838	0.0	0.0	5.88919874644e-06	1.92015969753	0.808839440346	0.0	24.5514183044
20110528	0.0	21193.0	0.0	1506.0	0.00199203193188	0.000664010643959	0.0	0.0	4.5725464588e-06	1.95551133156	0.82724070549	0.0	23.8384037018
20110529	0.0	20970.0	0.0	1504.0	0.00199468084611	0.000664893595967	0.0	0.0	4.11457131122e-06	1.96609044075	0.830330967903	216.189956665	23.6259651184
20110530	0.0	21044.0	0.0	1505.0	0.00199335557409	0.0	0.0	0.0	3.37090637004e-06	1.92159461975	0.779640853405	0.0	24.2244091034
20110531	0.0	21089.0	0.0	1503.0	0.00199600798078	0.00066533597419	0.0	0.0	3.31564774569e-06	1.91949439049	0.832265913486	0.0	23.799949646
20110601	0.0	21187.0	0.0	1507.0	0.00199070991948	0.000663570011966	0.0	0.0	3.07468030769e-06	1.96084940434	0.905304074287	57.3040847778	21.608663559
20110602	0.0	21196.0	0.0	1508.0	0.00198939000256	0.000663129962049	0.0	0.0	3.83547239835e-06	1.98607420921	0.832159280777	57.3040847778	22.8786506653
20110603	0.0	20432.0	0.0	1504.0	0.00199468084611	0.000664893595967	0.0	0.0	4.2175111048e-06	1.96143615246	0.907778322697	7.18121180392e-33	22.3252792358
20110604	0.0	20628.0	0.0	1503.0	0.00199600798078	0.00133067194838	0.0	0.0	4.73451973448e-06	1.86227536201	0.877086102962	0.0	22.7044448853
20110605	0.0	20509.0	0.0	1502.0	0.00199733697809	0.00066577893449	0.0	0.0	5.31820842298e-06	1.85885488987	0.882835924625	300.0	22.8904857635
20110606	0.0	20495.0	0.0	1503.0	0.00199600798078	0.00133067194838	0.0	0.0	5.16673753737e-06	1.84165000916	0.884575724602	57.3040847778	23.116645813
20110607	0.0	16554.0	0.0	1501.0	0.00199866760522	0.000666222535074	0.0	0.0	5.1591277952e-06	1.82345104218	0.896274209023	1.49278480488e-19	23.5785617828
20110608	0.0	16961.0	0.0	1501.0	0.00199866760522	0.000666222535074	0.0	0.0	4.42862210548e-06	1.5143238306	0.835338115692	0.0	24.9885673523
20110609	0.0	17320.0	0.0	1502.0	0.00199733697809	0.00066577893449	0.0	0.0	3.81054542231e-06	1.49201059341	0.806298613548	0.0	25.3171844482
20110610	0.0	17664.0	0.0	1504.0	0.00199468084611	0.00132978719193	0.0	0.0	3.52705296791e-06	1.55984044075	0.755468070507	0.0	26.2172660828
20110611	0.0	17809.0	0.0	1502.0	0.00199733697809	0.0	0.0	0.0	2.76316700365e-06	1.62117171288	0.713778018951	0.0	26.3546276093
20110612	0.0	22165.0	0.0	1502.0	0.00199733697809	0.00066577893449	0.0	0.0	3.46419164998e-06	1.63182425499	0.718736767769	0.0	25.8906040192
20110613	0.0	21931.0	0.0	1499.0	0.00200133421458	0.000667111424264	0.0	0.0	2.63687365987e-06	2.02068042755	0.722749769688	0.0	26.1481323242
20110614	0.0	21576.0	0.0	1496.0	0.00200534751639	0.000668449210934	0.0	0.0	3.73395164388e-06	1.95989310741	0.713883340359	0.0	26.0884952545
20110615	0.0	21494.0	0.0	1496.0	0.00200534751639	0.000668449210934	0.0	0.0	2.82616315417e-06	1.98128342628	0.776803076267	0.0	24.7590293884
20110616	0.0	21454.0	0.0	1499.0	0.00200133421458	0.000667111424264	0.0	0.0	3.73910484086e-06	1.91527688503	0.710798621178	28.6520423889	26.112241745
20110617	0.0	21240.0	0.0	1499.0	0.00200133421458	0.000667111424264	0.0	0.0	2.83089138975e-06	2.02468323708	0.672620892525	0.0	26.4078369141
20110618	0.0	26622.0	0.0	1501.0	0.00199866760522	0.000666222535074	0.0	0.0	4.05568243877e-06	1.92405056953	0.711222112179	0.0	25.8487854004
20110619	0.0	25976.0	0.0	1505.0	0.00199335557409	0.000664451799821	0.0	0.0	3.07708023684e-06	2.43787384033	0.747392356396	0.0	25.6911430359
20110620	0.0	25599.0	0.0	1505.0	0.00199335557409	0.000664451799821	0.0	0.0	4.48098489869e-06	2.29634547234	0.700542390347	0.0	25.7859611511
20110621	0.0	30476.0	0.0	1504.0	0.00199468084611	0.0	0.0	0.0	3.39744451594e-06	2.228723526	0.670634388924	158.885864258	26.4787368774
20110622	0.0	29619.0	0.0	1502.0	0.00133155786898	0.00066577893449	0.0	0.0	4.52970198239e-06	2.78295612335	0.638304769993	0.0	26.1513996124
20110623	0.0	35245.0	0.0	1500.0	0.00133333331905	0.0	0.0	0.0	3.34638480126e-06	2.72266674042	0.669537723064	0.0	25.9177856445
20110624	0.0	34869.0	0.0	1502.0	0.00133155786898	0.00066577893449	0.0	0.0	4.82037239635e-06	3.23368835449	0.676204919815	0.0	25.6575202942
20110625	0.0	33885.0	0.0	1502.0	0.00133155786898	0.0	0.0	0.0	3.57646263183e-06	3.22103857994	0.714285075665	0.0	25.7474956512
20110626	0.0	32903.0	0.0	1505.0	0.00199335557409	0.000664451799821	0.0	0.0	5.63430421607e-06	3.11362123489	0.708158314228	0.0	24.82330513
20110627	0.0	32990.0	0.0	1502.0	0.00133155786898	0.00066577893449	0.0	0.0	4.25520738645e-06	2.99800276756	0.700519800186	0.0	24.353187561
20110628	0.0	32058.0	0.0	1504.0	0.00132978719193	0.000664893595967	0.0	0.0	6.06517187407e-06	3.00598406792	0.67657405138	0.0	26.092458725
20110629	0.0	31379.0	0.0	1501.0	0.00133244507015	0.0	0.0	0.0	4.6530039981e-06	2.92205190659	0.700650572777	0.0	26.2836360931
20110630	0.0	30661.0	0.0	1496.0	0.00133689842187	0.000668449210934	0.0	0.0	5.08901985086e-06	2.81951856613	0.675974011421	0.0	25.6310997009
20110701	0.0	30442.0	0.0	1496.0	0.000668449210934	0.0	0.0	0.0	3.79219432034e-06	2.79411768913	0.751060247421	0.0	23.7645740509
20110702	0.0	30055.0	0.0	1500.0	0.000666666659527	0.000666666659527	0.0	0.0	3.76143793801e-06	2.72399997711	0.781858980656	0.0	23.6608867645
20110703	0.0	24251.0	0.0	1501.0	0.000666222535074	0.0	0.0	0.0	2.77905746771e-06	2.7021985054	0.779557406902	150.0	24.0044364929
20110704	0.0	25647.0	0.0	1503.0	0.00066533597419	0.00066533597419	0.0	0.0	3.56286909664e-06	2.16034603119	0.703305542469	0.0	24.3588199615
20110705	0.0	25722.0	0.0	1505.0	0.000664451799821	0.000664451799821	0.0	0.0	2.7023270377e-06	2.3096344471	0.721944153309	0.0	25.4631843567
20110706	0.0	25865.0	0.0	1505.0	0.000664451799821	0.0	0.0	0.0	3.65033315575e-06	2.34285712242	0.692633569241	0.0	25.3182735443
20110707	0.0	27162.0	0.0	1503.0	0.00066533597419	0.00066533597419	0.0	0.0	2.83625809061e-06	2.34464406967	0.732277691364	0.0	25.0990867615
20110708	0.0	26980.0	0.0	1503.0	0.00066533597419	0.00066533597419	0.0	0.0	3.39987855114e-06	2.39121770859	0.723955094814	300.0	24.275592804
20110709	0.0	29123.0	0.0	1502.0	0.00066577893449	0.0	0.0	0.0	2.58371505879e-06	2.43275618553	0.679277479649	0.0	25.4604911804
20110710	0.0	28902.0	0.0	1505.0	0.000664451799821	0.0	0.0	0.0	2.65811900135e-06	2.62126255035	0.674098670483	0.0	25.7944869995
20110711	0.0	23245.0	0.0	1504.0	0.000664893595967	0.0	0.0	0.0	2.01360899155e-06	2.63763284683	0.689507782459	0.0	25.3769874573
20110712	0.0	28678.0	0.0	1501.0	0.000666222535074	0.0	0.0	0.0	2.37278027271e-06	2.12391734123	0.78175586462	280.211212158	24.3163394928
20110713	0.0	23338.0	0.0	1500.0	0.000666666659527	0.0	0.0	0.0	1.79290293545e-06	2.58200001717	0.729720830917	141.114135742	24.3996868134
20110714	0.0	23852.0	0.0	1501.0	0.000666222535074	0.0	0.0	0.0	2.35930383496e-06	2.11725521088	0.717894375324	0.0	24.1970119476
20110715	0.0	23973.0	0.0	1498.0	0.000667556771077	0.0	0.0	0.0	1.77708045612e-06	2.13351130486	0.757645666599	300.0	24.2504138947
20110716	0.0	24046.0	0.0	1500.0	0.000666666659527	0.0	0.0	0.0	2.05232595363e-06	2.15133333206	0.702938973904	300.0	25.4010791779
20110717	0.0	24081.0	0.0	1501.0	0.000666222535074	0.000666222535074	0.0	0.0	1.52619338678e-06	2.2038640976	0.661629676819	300.0	25.9978313446
20110718	0.0	24296.0	0.0	1502.0	0.00066577893449	0.00066577893449	0.0	0.0	1.51725566866e-06	2.18442082405	0.759983778	0.0	25.0664691925
20110719	0.0	24365.0	0.0	1500.0	0.000666666659527	0.0	0.0	0.0	1.10610233151e-06	2.22199988365	0.717149019241	0.0	25.6416397095
20110720	0.0	23407.0	0.0	1503.0	0.00066533597419	0.00066533597419	0.0	0.0	9.11815789095e-07	2.23153686523	0.664489269257	0.0	26.113117218
20110721	0.0	28825.0	0.0	1504.0	0.000664893595967	0.000664893595967	0.0	0.0	6.88415639161e-07	2.166888237	0.655210077763	0.0	26.3291759491
20110722	0.0	29422.0	0.0	1505.0	0.000664451799821	0.000664451799821	0.0	0.0	6.1994120415e-07	2.65249156952	0.747748196125	280.211212158	24.1924285889
20110723	0.0	29224.0	0.0	1505.0	0.000664451799821	0.000664451799821	0.0	0.0	4.81055167256e-07	2.6318936348	0.817017555237	0.0	23.0347595215
20110724	0.0	28850.0	0.0	1504.0	0.000664893595967	0.000664893595967	0.0	0.0	5.49977471564e-07	2.63164901733	0.718594193459	57.3040847778	24.6784801483
20110725	0.0	23366.0	0.0	1505.0	0.000664451799821	0.0	0.0	0.0	4.18790733647e-07	2.6717607975	0.623555660248	0.0	25.7509803772
20110726	0.0	29059.0	0.0	1507.0	0.000663570011966	0.0	0.0	0.0	6.65263598876e-07	2.10418057442	0.715594232082	0.0	25.1912612915
20110727	0.0	29289.0	0.0	1504.0	0.000664893595967	0.0	0.0	0.0	5.01908232309e-07	2.67021274567	0.741500914097	0.0	25.0440998077
20110728	0.0	23493.0	0.0	1503.0	0.00066533597419	0.0	0.0	0.0	1.1583357491e-06	2.62475061417	0.766690135002	158.885864258	25.2387371063
20110729	0.0	24535.0	0.0	1503.0	0.00066533597419	0.0	0.0	0.0	8.65307015374e-07	2.12840986252	0.80923473835	141.114135742	24.1619796753
20110730	0.0	30537.0	0.0	1500.0	0.000666666659527	0.0	0.0	0.0	2.3605559818e-06	2.2813334465	0.742129564285	0.0	24.9114723206
20110731	0.0	30781.0	0.0	1501.0	0.000666222535074	0.000666222535074	0.0	0.0	1.73052944774e-06	2.80546307564	0.733840584755	216.189956665	25.2682666779
20110801	0.0	30071.0	0.0	1502.0	0.00066577893449	0.00066577893449	0.0	0.0	2.79233540823e-06	2.81091880798	0.745962619781	0.0	25.818862915
20110802	0.0	31382.0	0.0	1505.0	0.000664451799821	0.000664451799821	0.0	0.0	2.06337222153e-06	2.71362113953	0.844014823437	0.0	24.4621734619
20110803	0.0	32508.0	0.0	1504.0	0.000664893595967	0.000664893595967	0.0	0.0	2.58044110524e-06	2.91356372833	0.899125993252	0.0	21.9541893005
20110804	0.0	33516.0	0.0	1503.0	0.00066533597419	0.00066533597419	0.0	0.0	1.96538303499e-06	2.96473741531	0.834672868252	0.0	24.328332901
20110805	0.0	27075.0	0.0	1501.0	0.000666222535074	0.000666222535074	0.0	0.0	1.99456439987e-06	3.09327125549	0.693874597549	0.0	26.0483398438
20110806	0.0	26620.0	0.0	1502.0	0.00066577893449	0.0	0.0	0.0	1.53133942149e-06	2.44740343094	0.706138372421	0.0	25.7424926758
20110807	0.0	27418.0	0.0	1504.0	0.000664893595967	0.000664893595967	0.0	0.0	1.47306718645e-06	2.36037230492	0.731664061546	0.0	25.9243793488
20110808	0.0	27126.0	0.0	1503.0	0.00066533597419	0.0	0.0	0.0	1.10558198685e-06	2.44710588455	0.71186709404	0.0	26.2160987854
20110809	0.0	26709.0	0.0	1503.0	0.00066533597419	0.00066533597419	0.0	0.0	1.44524813095e-06	2.42381906509	0.703876614571	0.0	25.8904571533
20110810	0.0	32914.0	0.0	1504.0	0.000664893595967	0.0	0.0	0.0	1.07030234631e-06	2.3125	0.725961923599	19.7887878418	25.9853172302
20110811	0.0	33231.0	0.0	1505.0	0.000664451799821	0.000664451799821	0.0	0.0	2.10714347304e-06	2.97076416016	0.700558781624	0.0	26.2019729614
20110812	0.0	32233.0	0.0	1505.0	0.000664451799821	0.000664451799821	0.0	0.0	1.52630059347e-06	3.0059800148	0.716723620892	0.0	25.5600891113
20110813	0.0	30358.0	0.0	1506.0	0.000664010643959	0.0	0.0	0.0	2.61548007074e-06	2.90039825439	0.787642776966	0.0	24.6666946411
20110814	0.0	30047.0	0.0	1507.0	0.000663570011966	0.0	0.0	0.0	1.95856819118e-06	2.71599197388	0.752314329147	4.07409791035e-31	25.0258769989
20110815	0.0	31775.0	0.0	1508.0	0.000663129962049	0.000663129962049	0.0	0.0	2.50226639764e-06	2.63063669205	0.746216654778	300.0	24.8495025635
20110816	0.0	32183.0	0.0	1505.0	0.000664451799821	0.0	0.0	0.0	1.90160380953e-06	2.93289041519	0.78569573164	0.0	24.3635902405
20110817	0.0	31362.0	0.0	1503.0	0.00066533597419	0.00066533597419	0.0	0.0	1.90493778973e-06	3.00399208069	0.722442030907	0.0	25.1181850433
20110818	0.0	32437.0	0.0	1503.0	0.00066533597419	0.00066533597419	0.0	0.0	1.44139994518e-06	2.87890863419	0.773470878601	0.0	24.9531517029
20110819	0.0	32081.0	0.0	1503.0	0.00066533597419	0.0	0.0	0.0	1.58749821821e-06	2.97005987167	0.783960998058	300.0	24.8561649323
20110820	0.0	31963.0	0.0	1503.0	0.00066533597419	0.0	0.0	0.0	1.20951733606e-06	2.94810390472	0.759163379669	300.0	25.8273181915
20110821	0.0	30344.0	0.0	1504.0	0.000664893595967	0.000664893595967	0.0	0.0	1.96368523575e-06	2.89893603325	0.834008693695	0.0	23.9068889618
20110822	0.0	30110.0	0.0	1504.0	0.000664893595967	0.0	0.0	0.0	1.50266123455e-06	2.72473406792	0.846593737602	0.0	23.2288017273
20110823	0.0	29916.0	0.0	1509.0	0.000662690552417	0.0	0.0	0.0	2.65649373432e-06	2.74552679062	0.827700912952	0.0	24.4413871765
20110824	0.0	29431.0	0.0	1506.0	0.000664010643959	0.0	0.0	0.0	2.00726208277e-06	2.69123506546	0.782115697861	103.598831177	25.2442970276
20110825	0.0	29016.0	0.0	1507.0	0.000663570011966	0.0	0.0	0.0	3.04429136122e-06	2.7040476799	0.804834008217	0.0	25.052230835
20110826	0.0	23302.0	0.0	1506.0	0.000664010643959	0.0	0.0	0.0	2.28341673392e-06	2.58167338371	0.806746304035	158.885864258	24.4775466919
20110827	0.0	24864.0	0.0	1505.0	0.000664451799821	0.000664451799821	0.0	0.0	3.57623230229e-06	2.15083050728	0.815182447433	70.5570678711	24.1300830841
20110828	0.0	25232.0	0.0	1505.0	0.000664451799821	0.0	0.0	0.0	2.64211848844e-06	2.21063137054	0.736213922501	0.0	25.6016120911
20110829	0.0	25370.0	0.0	1501.0	0.000666222535074	0.000666222535074	0.0	0.0	3.35439176524e-06	2.26782155037	0.747362494469	0.0	25.7397823334
20110830	0.0	25310.0	0.0	1501.0	0.000666222535074	0.000666222535074	0.0	0.0	2.4067492177e-06	2.24383735657	0.752394795418	0.0	25.7116928101
20110831	0.0	25237.0	0.0	1504.0	0.000664893595967	0.000664893595967	0.0	0.0	2.74617582363e-06	2.27925539017	0.777590632439	0.0	25.3390712738
20110901	0.0	25710.0	0.0	1506.0	0.000664010643959	0.000664010643959	0.0	0.0	2.0874783786e-06	2.2901725769	0.791824042797	4.18423373766e-31	25.0355186462
20110902	0.0	25977.0	0.0	1509.0	0.000662690552417	0.000662690552417	0.0	0.0	1.98647285288e-06	2.3373093605	0.809893786907	196.401168823	24.5856056213
20110903	0.0	27268.0	0.0	1507.0	0.000663570011966	0.000663570011966	0.0	0.0	1.61365153417e-06	2.36761784554	0.805560827255	0.0	24.806219101
20110904	0.0	27386.0	0.0	1507.0	0.000663570011966	0.000663570011966	0.0	0.0	1.50683001721e-06	2.53417372704	0.837458133698	0.0	24.6652545929
20110905	0.0	27091.0	0.0	1506.0	0.000664010643959	0.0	0.0	0.0	1.14455212952e-06	2.49468779564	0.805928707123	0.0	25.2009487152
20110906	0.0	26815.0	0.0	1505.0	0.000664451799821	0.0	0.0	0.0	1.37329652716e-06	2.42657804489	0.789820492268	0.0	25.4103813171
20110907	0.0	27953.0	0.0	1504.0	0.000664893595967	0.0	0.0	0.0	1.04245202692e-06	2.43550515175	0.840726792812	300.0	25.0283546448
20110908	0.0	29400.0	0.0	1502.0	0.00066577893449	0.0	0.0	0.0	1.92348193195e-06	2.54527282715	0.8889144063	0.0	23.2135391235
20110909	0.0	34883.0	0.0	1502.0	0.00066577893449	0.0	0.0	0.0	1.45795786466e-06	2.63448739052	0.792248308659	103.598831177	24.5153331757
20110910	0.0	28032.0	0.0	1502.0	0.00066577893449	0.0	0.0	0.0	2.86201134259e-06	3.15778970718	0.772477686405	0.0	25.3375511169
20110911	0.0	27712.0	0.0	1503.0	0.00066533597419	0.0	0.0	0.0	2.16830017052e-06	2.53759145737	0.830993890762	0.0	25.1626796722
20110912	0.0	26939.0	0.0	1504.0	0.000664893595967	0.0	0.0	0.0	2.90423986371e-06	2.44215416908	0.847637891769	0.0	25.1506175995
20110913	0.0	26982.0	0.0	1506.0	0.000664010643959	0.0	0.0	0.0	2.20005790652e-06	2.45551109314	0.805545687675	0.0	25.0591449738
20110914	0.0	33764.0	0.0	1507.0	0.000663570011966	0.0	0.0	0.0	2.23749520956e-06	2.427339077	0.807760179043	0.0	25.2028484344
20110915	0.0	27130.0	0.0	1505.0	0.000664451799821	0.0	0.0	0.0	1.6976320012e-06	3.09501647949	0.777539968491	0.0	25.0523777008
20110916	0.0	26857.0	0.0	1507.0	0.000663570011966	0.0	0.0	0.0	1.40572547025e-06	2.42136716843	0.798044800758	300.0	24.4742336273
20110917	0.0	26464.0	0.0	1512.0	0.000661375641357	0.0	0.0	0.0	1.06085622065e-06	2.38690471649	0.795918762684	0.0	23.8735389709
20110918	0.0	26453.0	0.0	1506.0	0.000664010643959	0.0	0.0	0.0	8.2406461388e-07	2.43027877808	0.821255207062	1.23852803133e-32	23.6751289368
20110919	0.0	26343.0	0.0	1506.0	0.000664010643959	0.0	0.0	0.0	6.22665822902e-07	2.37317419052	0.888505339622	0.0	23.1809902191
20110920	0.0	26614.0	0.0	1504.0	0.000664893595967	0.0	0.0	0.0	4.75259327004e-07	2.43018627167	0.839656352997	83.810043335	24.3914890289
20110921	0.0	27538.0	0.0	1503.0	0.00066533597419	0.0	0.0	0.0	3.57892446345e-07	2.49501013756	0.83972465992	0.0	24.9725379944
20110922	0.0	27207.0	0.0	1503.0	0.00066533597419	0.00066533597419	0.0	0.0	2.7416535886e-07	2.57019281387	0.827364623547	196.401168823	24.8923091888
20110923	0.0	26957.0	0.0	1503.0	0.00066533597419	0.0	0.0	0.0	2.04915053814e-07	2.42714571953	0.766849219799	1.23852803133e-32	24.7012882233
20110924	0.0	27011.0	0.0	1505.0	0.000664451799821	0.0	0.0	0.0	1.6273159531e-07	2.44252490997	0.746403813362	37.515296936	24.8264026642
20110925	0.0	27216.0	0.0	1505.0	0.000664451799821	0.000664451799821	0.0	0.0	1.19214405458e-07	2.37076401711	0.82828271389	0.0	24.6465339661
20110926	0.0	29939.0	0.0	1507.0	0.000663570011966	0.000663570011966	0.0	0.0	1.08850294112e-07	2.47976112366	0.849042236805	0.0	24.7840175629
20110927	0.0	28178.0	0.0	1506.0	0.000664010643959	0.000664010643959	0.0	0.0	8.24460002491e-08	2.68061089516	0.838860094547	196.401168823	24.7052745819
20110928	0.0	28336.0	0.0	1507.0	0.000663570011966	0.000663570011966	0.0	0.0	1.15861148231e-07	2.53815531731	0.84974783659	0.0	24.0814723969
20110929	0.0	27832.0	0.0	1508.0	0.000663129962049	0.0	0.0	0.0	8.82741773012e-08	2.56034493446	0.880211889744	300.0	23.912858963
20110930	0.0	27613.0	0.0	1507.0	0.000663570011966	0.000663570011966	0.0	0.0	1.97843590399e-07	2.4631717205	0.832504749298	300.0	25.2235031128
20111001	0.0	28729.0	0.0	1507.0	0.000663570011966	0.000663570011966	0.0	0.0	1.51554857553e-07	2.55009937286	0.818231105804	0.0	25.3131027222
20111002	0.0	27212.0	0.0	1506.0	0.000664010643959	0.0	0.0	0.0	4.02889384077e-07	2.58897733688	0.771568596363	300.0	25.3592472076
20111003	0.0	27058.0	0.0	1506.0	0.000664010643959	0.0	0.0	0.0	3.05207180418e-07	2.49070382118	0.820993542671	216.189956665	24.9380016327
20111004	0.0	26797.0	0.0	1507.0	0.000663570011966	0.0	0.0	0.0	8.82495328369e-07	2.50497674942	0.780809223652	0.0	24.8637733459
20111005	0.0	28352.0	0.0	1509.0	0.000662690552417	0.0	0.0	0.0	6.67535402954e-07	2.46057009697	0.852114081383	0.0	24.0319709778
20111006	0.0	27906.0	0.0	1510.0	0.000662251666654	0.0	0.0	0.0	1.97631447918e-06	2.59205293655	0.852717041969	0.0	23.6177253723
20111007	0.0	27679.0	0.0	1510.0	0.000662251666654	0.0	0.0	0.0	1.49795357629e-06	2.57019853592	0.88744956255	300.0	22.4168224335
20111008	0.0	27738.0	0.0	1511.0	0.000661813362967	0.0	0.0	0.0	2.5475496841e-06	2.44606208801	0.842780470848	158.885864258	23.9712905884
20111009	0.0	27879.0	0.0	1507.0	0.000663570011966	0.0	0.0	0.0	1.93637993107e-06	2.51426672935	0.828210830688	0.0466499775648	24.5440368652
20111010	0.0	27539.0	0.0	1506.0	0.000664010643959	0.0	0.0	0.0	2.38032498601e-06	2.53585648537	0.855731844902	5.46962724002e-08	23.9928379059
20111011	0.0	28418.0	0.0	1508.0	0.000663129962049	0.0	0.0	0.0	1.80202516731e-06	2.48076915741	0.855473875999	7.09002110075e-21	24.2153720856
20111012	0.0	28080.0	0.0	1508.0	0.000663129962049	0.0	0.0	0.0	1.64729442531e-06	2.5318300724	0.875496566296	300.0	23.90209198
20111013	0.0	28224.0	0.0	1509.0	0.000662690552417	0.0	0.0	0.0	1.24819700886e-06	2.5612988472	0.895855724812	0.0	23.1599159241
20111014	0.0	22759.0	0.0	1510.0	0.000662251666654	0.0	0.0	0.0	9.93865455712e-07	2.58476805687	0.798029720783	300.0	24.5355606079
20111015	0.0	22899.0	0.0	1512.0	0.000661375641357	0.0	0.0	0.0	7.51803440835e-07	2.07936501503	0.791768193245	0.0	24.2574005127
20111016	0.0	23097.0	0.0	1510.0	0.000662251666654	0.0	0.0	0.0	5.77058472118e-07	2.08675503731	0.815266370773	0.0	24.3660106659
20111017	0.0	24184.0	0.0	1511.0	0.000661813362967	0.0	0.0	0.0	4.37128591102e-07	2.08934473991	0.816019117832	300.0	24.5193138123
20111018	0.0	24049.0	0.0	1510.0	0.000662251666654	0.0	0.0	0.0	3.32431170591e-07	2.19801330566	0.813252210617	0.0	24.7775325775
20111019	0.0	25843.0	0.0	1511.0	0.000661813362967	0.0	0.0	0.0	2.51757313663e-07	2.21972203255	0.804074585438	0.0	24.7381763458
20111020	0.0	26890.0	0.0	1509.0	0.000662690552417	0.0	0.0	0.0	1.91138767036e-07	2.35851550102	0.828701257706	300.0	24.1608867645
20111021	0.0	26530.0	0.0	1510.0	0.000662251666654	0.0	0.0	0.0	1.44860891282e-07	2.47483444214	0.833672940731	0.0	24.0179786682
20111022	0.0	27476.0	0.0	1510.0	0.000662251666654	0.0	0.0	0.0	1.09816006955e-07	2.35894036293	0.831214785576	0.0	24.2109603882
20111023	0.0	28394.0	0.0	1512.0	0.0	0.0	0.0	0.0	8.29360544685e-08	2.46825408936	0.814011693001	0.0	24.6584377289
20111024	0.0	27797.0	0.0	1512.0	0.0	0.0	0.0	0.0	6.29350651593e-08	2.62037038803	0.790175914764	0.0	25.3369846344
20111025	0.0	27314.0	0.0	1513.0	0.0	0.0	0.0	0.0	4.78110884217e-08	2.53403830528	0.813091337681	0.0	24.8858394623
20111026	0.0	26974.0	0.0	1514.0	0.0	0.0	0.0	0.0	3.6148573912e-08	2.49141335487	0.782398879528	0.0	25.2580032349
20111027	0.0	28336.0	0.0	1513.0	0.0	0.0	0.0	0.0	2.73961244801e-08	2.44877743721	0.753763973713	0.0	25.4899845123
20111028	0.0	34465.0	0.0	1514.0	0.0	0.0	0.0	0.0	2.07657606666e-08	2.61162495613	0.762808024883	0.0	25.3507843018
20111029	0.0	33047.0	0.0	1512.0	0.0	0.0	0.0	0.0	1.57593227357e-08	3.09259271622	0.768343865871	0.0	25.3483695984
20111030	0.0	32189.0	0.0	1515.0	0.0	0.0	0.0	0.0	1.19302425716e-08	2.91815185547	0.76383459568	0.0	24.6558113098
20111031	0.0	32349.0	0.0	1516.0	0.0	0.0	0.0	0.0	9.00613805754e-09	2.87862801552	0.802913427353	0.0	24.0390491486
20111101	0.0	31645.0	0.0	1510.0	0.0	0.0	0.0	0.0	6.7973306983e-09	2.92516565323	0.792571663857	0.0	24.0189380646
20111102	0.0	32297.0	0.0	1513.0	0.0	0.0	0.0	0.0	5.13812015157e-09	2.84732317924	0.831952214241	0.0	23.3460216522
20111103	0.0	31638.0	0.0	1513.0	0.0	0.0	0.0	0.0	3.91811205702e-09	2.91407775879	0.858752369881	0.0	23.137556076
20111104	0.0	30910.0	0.0	1512.0	0.0	0.0	0.0	0.0	3.00099833872e-09	2.86243391037	0.838823795319	0.0	23.9601688385
20111105	0.0	32255.0	0.0	1512.0	0.0	0.0	0.0	0.0	2.27847896106e-09	2.74603176117	0.839938104153	0.0	24.1421318054
20111106	0.0	31659.0	0.0	1510.0	0.0	0.0	0.0	0.0	1.73444869578e-09	2.92913913727	0.756764709949	0.0	24.3656253815
20111107	0.0	31035.0	0.0	1511.0	0.0	0.0	0.0	0.0	1.3033116808e-09	2.87293171883	0.75286346674	0.0	24.2661437988
20111108	0.0	32341.0	0.0	1514.0	0.0	0.0	0.0	0.0	9.80356240632e-10	2.78797888756	0.716418743134	0.0	23.7243747711
20111109	0.0	31894.0	0.0	1512.0	0.0	0.0	0.0	0.0	7.3261496869e-10	2.96296310425	0.759547173977	0.0	23.8700313568
20111110	0.0	31341.0	0.0	1509.0	0.0	0.0	0.0	0.0	5.64010060877e-10	2.85685896873	0.757083654404	0.0	24.4888534546
20111111	0.0	30691.0	0.0	1514.0	0.0	0.0	0.0	0.0	4.23651058679e-10	2.84412145615	0.804858565331	0.0	24.2115821838
20111112	0.0	30216.0	0.0	1514.0	0.0	0.0	0.0	0.0	3.33358313176e-10	2.78137373924	0.815082132816	0.0	23.9307727814
20111113	0.0	24398.0	0.0	1512.0	0.0	0.0	0.0	0.0	2.60171773014e-10	2.70502638817	0.787990093231	300.0	24.4038352966
20111114	0.0	24887.0	0.0	1509.0	0.0	0.0	0.0	0.0	2.01687638812e-10	2.29357194901	0.768925964832	0.0	25.1170825958
20111115	0.0	25925.0	0.0	1505.0	0.0	0.0	0.0	0.0	1.56846785559e-10	2.25514960289	0.725164413452	0.0	24.6131381989
20111116	0.0	25645.0	0.0	1504.0	0.0	0.0	0.0	0.0	1.18700604901e-10	2.3284573555	0.760069191456	0.0	24.0683746338
20111117	0.0	25630.0	0.0	1505.0	0.0	0.0	0.0	0.0	9.26324711381e-11	2.3215944767	0.785996317863	0.0	24.1405563354
20111118	0.0	25574.0	0.0	1508.0	0.0	0.0	0.0	0.0	7.61731233645e-11	2.30172419548	0.762086629868	0.0	23.9114551544
20111119	0.0	25417.0	0.0	1509.0	0.0	0.0	0.0	0.0	6.03744415573e-11	2.29423451424	0.723425269127	0.0	24.0673484802
20111120	0.0	25418.0	0.0	1505.0	0.0	0.0	0.0	0.0	4.52618637015e-11	2.34551477432	0.694317817688	0.0	24.2700252533
20111121	0.0	25387.0	0.0	1508.0	0.0	0.0	0.0	0.0	3.14595779982e-11	2.30769228935	0.69677400589	0.0	24.0009803772
20111122	0.0	25373.0	0.0	1509.0	0.0	0.0	0.0	0.0	2.4840079646e-11	2.29489731789	0.694919764996	0.0	24.1557540894
20111123	0.0	25829.0	0.0	1510.0	0.0	0.0	0.0	0.0	1.92458236847e-11	2.33443689346	0.763065397739	0.0	24.1552352905
20111124	0.0	25481.0	0.0	1508.0	0.0	0.0	0.0	0.0	1.26751239712e-11	2.33753323555	0.736064314842	0.0	23.6148948669
20111125	0.0	25452.0	0.0	1508.0	0.0	0.0	0.0	0.0	8.61677656311e-12	2.31233429909	0.76132017374	0.0	23.2027873993
20111126	0.0	25364.0	0.0	1508.0	0.0	0.0	0.0	0.0	8.10773670423e-12	2.29708218575	0.765462219715	0.0	22.985250473
20111127	0.0	25044.0	0.0	1505.0	0.0	0.0	0.0	0.0	4.06086188981e-12	2.28704309464	0.734848380089	0.0	23.9676780701
20111128	0.0	24753.0	0.0	1507.0	0.0	0.0	0.0	0.0	2.0271939509e-12	2.31386852264	0.754951000214	0.0	23.4151191711
20111129	0.0	24584.0	0.0	1508.0	0.0	0.0	0.0	0.0	5.0632702241e-13	2.22546410561	0.71889269352	0.0	23.2971363068
20111130	0.0	24426.0	0.0	1509.0	0.0	0.0	0.0	0.0	0.0	2.19748163223	0.757816851139	0.0	22.9859771729
20111201	0.0	23552.0	0.0	1506.0	0.0	0.0	0.0	0.0	0.0	2.26958823204	0.729027569294	0.0	23.5169487
20111202	0.0	23664.0	0.0	1507.0	0.0	0.0	0.0	0.0	0.0	2.14598536491	0.720088720322	0.0	22.990650177
20111203	0.0	25213.0	0.0	1505.0	0.0	0.0	0.0	0.0	0.0	2.08039879799	0.716198503971	0.0	22.9339389801
20111204	0.0	20416.0	0.0	1506.0	0.0	0.0	0.0	0.0	0.0	2.23705172539	0.713176012039	0.0	23.0138053894
20111205	0.0	20655.0	0.0	1508.0	0.0	0.0	0.0	0.0	0.0	1.82427048683	0.721627056599	0.0	23.0420913696
20111206	0.0	20716.0	1.0	1509.0	0.000662690552417	0.0	0.0	0.0	0.0	1.83896625042	0.745539426804	0.0	23.0442409515
20111207	0.0	20862.0	0.0	1509.0	0.000662690552417	0.0	0.0	0.0	0.0	1.94897282124	0.719925582409	0.0	23.8598651886
20111208	0.0	20906.0	0.0	1507.0	0.000663570011966	0.0	0.0	0.0	0.0	1.861977458	0.777324676514	0.0	23.5535297394
20111209	0.0	20953.0	0.0	1504.0	0.000664893595967	0.0	0.0	0.0	0.0	1.90026593208	0.776832401752	0.0	23.8026504517
20111210	0.0	20855.0	0.0	1509.0	0.000662690552417	0.0	0.0	0.0	0.0	1.88204097748	0.7923604846	0.0	23.9064292908
20111211	0.0	21005.0	0.0	1509.0	0.000662690552417	0.0	0.0	0.0	0.0	1.90125906467	0.741915524006	0.0	23.4896278381
20111212	0.0	20930.0	0.0	1509.0	0.000662690552417	0.0	0.0	0.0	0.0	1.82902574539	0.746558725834	0.0	23.4413852692
20111213	0.0	20673.0	0.0	1508.0	0.000663129962049	0.0	0.0	0.0	0.0	1.89920425415	0.739668309689	0.0	23.306810379
20111214	0.0	20610.0	0.0	1512.0	0.000661375641357	0.0	0.0	0.0	0.0	1.89285707474	0.653033554554	0.0	23.2910766602
20111215	0.0	20633.0	0.0	1509.0	0.000662690552417	0.0	0.0	0.0	0.0	1.78595101833	0.668469786644	0.0	22.5630874634
20111216	0.0	20659.0	0.0	1507.0	0.000663570011966	0.0	0.0	0.0	0.0	1.89316523075	0.66531932354	0.0	22.2143955231
20111217	0.0	20541.0	0.0	1506.0	0.000664010643959	0.0	0.0	0.0	0.0	1.8519256115	0.771741211414	0.0	22.1841773987
20111218	0.0	20303.0	0.0	1504.0	0.000664893595967	0.0	0.0	0.0	0.0	1.85638296604	0.660941243172	0.0	22.4444732666
20111219	0.0	16315.0	0.0	1503.0	0.00066533597419	0.00066533597419	0.0	0.0	0.0	1.88489675522	0.714920461178	0.0	21.7310352325
20111220	0.0	16744.0	0.0	1505.0	0.000664451799821	0.0	0.0	0.0	0.0	1.50299012661	0.627449095249	0.0	22.3032341003
20111221	0.0	16871.0	0.0	1505.0	0.000664451799821	0.000664451799821	0.0	0.0	0.0	1.50033211708	0.64262098074	0.0	22.5098686218
20111222	0.0	17269.0	0.0	1504.0	0.000664893595967	0.000664893595967	0.0	0.0	0.0	1.54521274567	0.656616270542	0.0	22.8687591553
20111223	0.0	17705.0	0.0	1504.0	0.000664893595967	0.000664893595967	0.0	0.0	0.0	1.58178198338	0.588556349277	0.0	23.5373840332
20111224	0.0	17301.0	0.0	1504.0	0.000664893595967	0.000664893595967	0.0	0.666666666667	0.0	1.61037230492	0.657864034176	0.0	22.60014534
20111225	0.0	17192.0	0.0	1504.0	0.000664893595967	0.000664893595967	0.0	0.0	0.0	1.59707438946	0.687489807606	0.0	22.310382843
20111226	0.0	17228.0	0.0	1507.0	0.000663570011966	0.0	0.0	0.0	0.0	1.59588587284	0.776280462742	0.0	22.3360996246
20111227	0.0	17253.0	0.0	1506.0	0.000664010643959	0.0	0.0	0.0	9.77503966659e-10	1.54714477062	0.759832441807	0.0	22.5218486786
20111228	0.0	17365.0	0.0	1506.0	0.000664010643959	0.0	0.0	0.0	7.63685059635e-10	1.53718459606	0.717165291309	0.0	23.0018539429
20111229	0.0	17366.0	0.0	1504.0	0.000664893595967	0.0	0.0	0.0	4.78626516198e-09	1.57912230492	0.713958621025	0.0	23.1051425934
20111230	0.0	17415.0	0.0	1504.0	0.000664893595967	0.0	0.0	0.0	3.63631103006e-09	1.59242022038	0.698587656021	0.0	22.9976501465
20111231	0.0	17412.0	0.0	1505.0	0.000664451799821	0.0	0.0	0.0	2.98184188452e-09	1.52823913097	0.674585998058	0.0	23.2662372589
20120101	0.0	17550.0	0.0	1505.0	0.000664451799821	0.0	0.0	0.0	2.25488516747e-09	1.57807302475	0.662184476852	0.0	22.8356342316
20120102	0.0	17683.0	0.0	1505.0	0.000664451799821	0.0	0.0	0.0	1.72023584266e-09	1.59335553646	0.729155063629	0.0	22.8484916687
20120103	0.0	17727.0	0.0	1506.0	0.000664010643959	0.0	0.0	0.0	1.29510624447e-09	1.58499336243	0.726585328579	0.0	21.3518943787
20120104	0.0	17587.0	0.0	1507.0	0.000663570011966	0.0	0.0	0.0	9.88729209617e-10	1.62641012669	0.735680937767	0.0	20.6797485352
20120105	0.0	14195.0	0.0	1506.0	0.0	0.0	0.0	0.0	7.51680828692e-10	1.57569718361	0.724441409111	0.0	21.2926483154
20120106	0.0	14448.0	0.0	1506.0	0.0	0.0	0.0	0.0	5.74278624654e-10	1.30876493454	0.747169315815	0.0	21.7755680084
20120107	0.0	14671.0	0.0	1504.0	0.0	0.0	0.0	0.0	4.38829639293e-10	1.301861763	0.766052722931	0.0	22.3470840454
20120108	0.0	14868.0	0.0	1504.0	0.0	0.0	0.0	0.0	3.32340349685e-10	1.395611763	0.746490359306	0.0	22.3534603119
20120109	0.0	14550.0	0.0	1503.0	0.0	0.0	0.0	0.0	2.51763082604e-10	1.41982710361	0.742280900478	0.0	22.5845603943
20120110	0.0	14666.0	0.0	1504.0	0.0	0.0	0.0	0.0	1.93787208502e-10	1.31981372833	0.698240578175	0.0	23.0408287048
20120111	0.0	14718.0	0.0	1506.0	0.0	0.0	0.0	0.0	1.48185907989e-10	1.32536518574	0.672379493713	0.0	23.1179599762
20120112	0.0	14825.0	0.0	1504.0	0.0	0.0	0.0	0.0	1.11404246939e-10	1.36170208454	0.663968265057	0.0	22.4806518555
20120113	0.0	14854.0	0.0	1503.0	0.0	0.0	0.0	0.0	8.43113773241e-11	1.27944111824	0.640921890736	0.0	23.3058357239
20120114	0.0	14907.0	0.0	1503.0	0.0	0.0	0.0	0.0	6.37019256788e-11	1.30206251144	0.769847154617	0.0	22.6165847778
20120115	0.0	14852.0	0.0	1500.0	0.0	0.0	0.0	0.0	4.9045330297e-11	1.34466671944	0.663163125515	0.0	22.9852809906
20120116	0.0	14881.0	0.0	1501.0	0.0	0.0	0.0	0.0	3.447301819e-11	1.34443700314	0.706920325756	0.0	21.955871582
20120117	0.0	14949.0	0.0	1502.0	0.0	0.0	0.0	0.0	2.6950731577e-11	1.36684417725	0.724406778812	0.0	21.9343490601
20120118	0.0	14969.0	0.0	1502.0	0.0	0.0	0.0	0.0	2.10918765092e-11	1.36018645763	0.753312706947	0.0	22.1081504822
20120119	0.0	14947.0	0.0	1500.0	0.0	0.0	0.0	0.0	1.59573326775e-11	1.36533331871	0.67959022522	0.0	22.0138435364
20120120	0.0	14983.0	0.0	1498.0	0.0	0.0	0.0	0.0	1.03391193176e-11	1.38451266289	0.662443876266	0.0	22.2122688293
20120121	0.0	15008.0	0.0	1499.0	0.0	0.0	0.0	0.0	6.57505039997e-12	1.35023343563	0.669461369514	0.0	22.6784706116
20120122	0.0	14940.0	0.0	1499.0	0.0	0.0	0.0	0.0	4.93128758314e-12	1.40226817131	0.656926810741	0.0	22.5080699921
20120123	0.0	15036.0	0.0	1502.0	0.0	0.0	0.0	0.0	4.21837564879e-12	1.38748335838	0.650927603245	0.0	22.5127563477
20120124	0.0	15024.0	0.0	1503.0	0.0	0.0	0.0	0.0	3.27877590529e-12	1.35795080662	0.606433033943	0.0	22.2357158661
20120125	0.0	14924.0	0.0	1504.0	0.000664893595967	0.000664893595967	0.0	0.0	1.73159946826e-06	1.31515967846	0.617410182953	0.0	22.1372013092
20120126	0.0	14520.0	0.0	1504.0	0.000664893595967	0.000664893595967	0.0	0.0	1.25085432501e-06	1.37566494942	0.626671731472	0.0	22.025642395
20120127	0.0	14642.0	0.0	1503.0	0.00066533597419	0.00066533597419	0.0	0.0	8.90794467523e-07	1.33133733273	0.635571479797	0.0	22.5014972687
20120128	0.0	14699.0	0.0	1501.0	0.000666222535074	0.000666222535074	0.0	0.0	8.72059445101e-07	1.32778143883	0.719222664833	0.0	21.7921733856
20120129	0.0	14604.0	0.0	1497.0	0.0	0.0	0.0	0.0	4.70273884938e-13	1.37274551392	0.683375239372	0.0	21.941034317
20120130	0.0	14533.0	0.0	1499.0	0.0	0.0	0.0	0.0	2.34823201465e-13	1.36090731621	0.645727157593	0.0	23.1033782959
20120131	0.0	14597.0	0.0	1502.0	0.0	0.0	0.0	0.0	0.0	1.34154450893	0.548741996288	0.0	23.1765823364
20120201	0.0	14547.0	0.0	1501.0	0.0	0.0	0.0	0.0	0.0	1.31312453747	0.617557942867	0.0	22.9235191345
20120202	0.0	14603.0	0.0	1500.0	0.0	0.0	0.0	0.0	0.0	1.3246666193	0.672679781914	0.0	22.8550815582
20120203	0.0	14620.0	0.0	1502.0	0.0	0.0	0.0	0.0	0.0	1.33222365379	0.659181416035	0.0	22.9950447083
20120204	0.0	14521.0	0.0	1499.0	0.0	0.0	0.0	0.0	0.0	1.32755172253	0.613985240459	0.0	22.613904953
20120205	0.0	14461.0	0.0	1497.0	0.0	0.0	0.0	0.0	0.0	1.33266532421	0.616564393044	0.0	23.4787387848
20120206	0.0	14574.0	0.0	1499.0	0.0	0.0	0.0	0.0	0.0	1.30820536613	0.665752232075	0.0	23.3802967072
20120207	0.0	14661.0	0.0	1502.0	0.0	0.0	0.0	0.0	0.0	1.33621835709	0.757098317146	0.0	23.0643634796
20120208	0.0	14683.0	0.0	1500.0	0.0	0.0	0.0	0.0	0.0	1.34200000763	0.725740492344	0.0	23.6126365662
20120209	0.0	14742.0	0.0	1500.0	0.0	0.0	0.0	0.0	0.0	1.29666662216	0.736788272858	0.0	23.8615093231
20120210	0.0	17878.0	0.0	1501.0	0.0	0.0	0.0	0.0	0.0	1.32978022099	0.750921905041	0.0	23.6983852386
20120211	0.0	17472.0	0.0	1503.0	0.0	0.0	0.0	0.0	0.0	1.58882236481	0.728915393353	0.0	23.5422019958
20120212	0.0	17113.0	0.0	1503.0	0.0	0.0	0.0	0.0	0.0	1.56819701195	0.703904747963	0.0	21.6772480011
20120213	0.0	17018.0	0.0	1500.0	0.0	0.0	0.0	0.0	0.0	1.5680000782	0.728140473366	0.0	22.113817215
20120214	0.0	16821.0	0.0	1501.0	0.0	0.0	0.0	0.0	0.0	1.5469686985	0.758611738682	0.0	22.83070755
20120215	0.0	16522.0	0.0	1500.0	0.0	0.0	0.0	0.0	0.0	1.50866663456	0.680305719376	0.0	22.8500766754
20120216	0.0	16492.0	0.0	1498.0	0.0	0.0	0.0	0.0	0.0	1.54672896862	0.684192836285	0.0	22.8895721436
20120217	0.0	16519.0	0.0	1499.0	0.0	0.0	0.0	0.0	0.0	1.47898602486	0.715883076191	0.0	22.5441513062
20120218	0.0	16489.0	0.0	1501.0	0.0	0.0	0.0	0.0	0.0	1.47501659393	0.688636124134	0.0	23.118642807
20120219	0.0	16493.0	0.0	1503.0	0.0	0.0	0.0	0.0	0.0	1.48037266731	0.652678012848	0.0	23.4086303711
20120220	0.0	16436.0	0.0	1504.0	0.0	0.0	0.0	0.0	0.0	1.54255318642	0.675325155258	0.0	23.3359031677
20120221	0.0	16420.0	0.0	1504.0	0.0	0.0	0.0	0.0	0.0	1.49867022038	0.615061581135	0.0	23.2914638519
20120222	0.0	16467.0	0.0	1503.0	0.0	0.0	0.0	0.0	0.0	1.5182967186	0.602444112301	0.0	24.3275794983
20120223	0.0	16257.0	0.0	1501.0	0.0	0.0	0.0	0.0	0.0	1.48434376717	0.563693284988	0.0	24.6101455688
20120224	0.0	16207.0	0.0	1502.0	0.0	0.0	0.0	0.0	0.0	1.44740343094	0.607416987419	0.0	24.3690738678
20120225	0.0	19451.0	0.0	1501.0	0.0	0.0	0.0	0.0	0.0	1.44370412827	0.607793331146	0.0	24.3815307617
20120226	0.0	19235.0	0.0	1503.0	0.0	0.0	0.0	0.0	0.0	1.74051892757	0.547367811203	0.0	23.4422492981
20120227	0.0	19000.0	0.0	1498.0	0.0	0.0	0.0	0.0	0.0	1.71762347221	0.59893155098	0.0	23.6886825562
20120228	0.0	18790.0	0.0	1500.0	0.0	0.0	0.0	0.0	0.0	1.70066666603	0.665624141693	0.0	23.2063159943
20120229	0.0	19084.0	0.0	1501.0	0.0	0.0	0.0	0.0	0.0	1.67421722412	0.622411489487	0.0	23.4407215118
20120301	0.0	18962.0	0.0	1503.0	0.0	0.0	0.0	0.0	0.0	1.75848293304	0.62832659483	0.0	24.1150722504
20120302	0.0	18782.0	0.0	1502.0	0.0	0.0	0.0	0.0	0.0	1.75765645504	0.587585449219	0.0	24.9041500092
20120303	0.0	18684.0	0.0	1501.0	0.000666222535074	0.0	0.0	0.0	9.99567191684e-07	1.72151899338	0.616855919361	0.0	24.9390029907
20120304	0.0	18412.0	0.0	1502.0	0.0	0.0	0.0	0.0	0.0	1.70905470848	0.608101963997	0.0	24.9779338837
20120305	0.0	18291.0	0.0	1503.0	0.0	0.0	0.0	0.0	0.0	1.70525610447	0.595971405506	0.0	24.8131732941
20120306	0.0	22140.0	0.0	1503.0	0.0	0.0	0.0	0.0	0.0	1.67398536205	0.503118813038	0.0	24.7348804474
20120307	0.0	21654.0	0.0	1503.0	0.0	0.0	0.0	0.0	0.0	2.05056548119	0.558066964149	0.0	23.5590648651
20120308	0.0	21248.0	0.0	1503.0	0.0	0.0	0.0	0.0	0.0	1.93679308891	0.642532408237	0.0	23.4983959198
20120309	0.0	20916.0	0.0	1502.0	0.0	0.0	0.0	0.0	0.0	1.94673764706	0.650267601013	0.0	24.1505508423
20120310	0.0	20822.0	0.0	1502.0	0.0	0.0	0.0	0.0	0.0	1.8901463747	0.648113310337	0.0	24.1124229431
20120311	0.0	20627.0	0.0	1501.0	0.0	0.0	0.0	0.0	0.0	1.84077274799	0.618756473064	0.0	24.6212863922
20120312	0.0	20566.0	0.0	1506.0	0.0	0.0	0.0	0.0	0.0	1.86985385418	0.575580716133	0.0	24.1987743378
20120313	0.0	20372.0	0.0	1504.0	0.0	0.0	0.0	0.0	0.0	1.87101054192	0.630221366882	0.0	23.686132431
20120314	0.0	20919.0	0.0	1503.0	0.0	0.0	0.0	0.0	0.0	1.78775787354	0.661532223225	0.0	23.5833568573
20120315	0.0	20838.0	0.0	1503.0	0.0	0.0	0.0	0.0	0.0	1.87358617783	0.64498257637	0.0	24.4020347595
20120316	0.0	20661.0	0.0	1501.0	0.0	0.0	0.0	0.0	0.0	1.86742162704	0.666971027851	0.0	24.1194286346
20120317	0.0	20365.0	0.0	1502.0	0.0	0.0	0.0	0.0	0.0	1.8941411972	0.678808569908	0.0	23.2627315521
20120318	0.0	20536.0	0.0	1502.0	0.0	0.0	0.0	0.0	0.0	1.85818910599	0.592701077461	0.0	23.8457984924
20120319	0.0	20439.0	0.0	1504.0	0.0	0.0	0.0	0.0	0.0	1.84175539017	0.646336257458	0.0	24.1635475159
20120320	0.0	20372.0	0.0	1502.0	0.0	0.0	0.0	0.0	0.0	1.85352861881	0.679191946983	0.0	23.7729225159
20120321	0.0	20414.0	0.0	1500.0	0.0	0.0	0.0	0.0	0.0	1.79066669941	0.712804198265	0.0	23.3382396698
20120322	0.0	20355.0	0.0	1501.0	0.0	0.0	0.0	0.0	0.0	1.81678879261	0.734349429607	0.0	22.7873954773
20120323	0.0	20375.0	0.0	1500.0	0.0	0.0	0.0	0.0	0.0	1.84133338928	0.671554744244	0.0	24.1564216614
20120324	0.0	21033.0	0.0	1501.0	0.0	0.0	0.0	0.0	0.0	1.89207196236	0.68780040741	0.0	23.984495163
20120325	0.0	20929.0	0.0	1498.0	0.0	0.0	0.0	0.0	0.0	1.92790389061	0.692908108234	0.0	24.7982616425
20120326	0.0	20829.0	0.0	1498.0	0.0	0.0	0.0	0.0	0.0	1.83110809326	0.704959690571	0.0	24.6370258331
20120327	0.0	20777.0	0.0	1502.0	0.0	0.0	0.0	0.0	0.0	1.94673764706	0.691476106644	0.0	23.9587497711
20120328	0.0	20562.0	0.0	1500.0	0.0	0.0	0.0	0.0	0.0	1.88666677475	0.699430704117	0.0	24.0207481384
20120329	0.0	20570.0	0.0	1499.0	0.0	0.0	0.0	0.0	0.0	1.86591053009	0.702875077724	0.0	24.9665603638
20120330	0.0	20523.0	0.0	1502.0	0.0	0.0	0.0	0.0	0.0	1.89014649391	0.702390789986	0.0	25.0942306519
20120331	0.0	20534.0	0.0	1501.0	0.0	0.0	0.0	0.0	0.0	1.89273822308	0.696632087231	0.0	25.6247653961
20120401	0.0	20808.0	0.0	1501.0	0.0	0.0	0.0	0.0	0.0	1.87608253956	0.711528539658	0.0	25.6664829254
20120402	0.0	20905.0	0.0	1500.0	0.0	0.0	0.0	0.0	0.0	1.88533329964	0.735676705837	0.0	24.6296958923
20120403	0.0	20838.0	0.0	1499.0	0.0	0.0	0.0	0.0	0.0	1.88992655277	0.715512156487	0.0	24.7170143127
20120404	0.0	20892.0	0.0	1501.0	0.0	0.0	0.0	0.0	0.0	1.848767519	0.729423284531	0.0	24.2340526581
20120405	0.0	20944.0	0.0	1503.0	0.0	0.0	0.0	0.0	0.0	1.85628736019	0.704268395901	0.0	25.0664730072
20120406	0.0	25349.0	0.0	1502.0	0.0	0.0	0.0	0.0	0.0	1.93675100803	0.718155324459	0.0	25.3169822693
20120407	0.0	24939.0	0.0	1502.0	0.0	0.0	0.0	0.0	0.0	2.29360866547	0.726185381413	0.0	24.7264518738
20120408	0.0	24574.0	0.0	1504.0	0.0	0.0	0.0	0.0	0.0	2.28457450867	0.749340891838	0.0	23.9972648621
20120409	0.0	24359.0	0.0	1505.0	0.0	0.0	0.0	0.0	0.0	2.24651169777	0.730892419815	0.0	24.1318492889
20120410	0.0	24111.0	0.0	1502.0	0.0	0.0	0.0	0.0	0.0	2.16577887535	0.752664446831	0.0	24.4019851685
20120411	0.0	23793.0	0.0	1500.0	0.0	0.0	0.0	0.0	0.0	2.20266652107	0.766309916973	0.0	24.0695762634
20120412	0.0	23699.0	0.0	1501.0	0.0	0.0	0.0	0.0	0.0	2.19786810875	0.765608131886	0.0	24.0711231232
20120413	0.0	23569.0	0.0	1501.0	0.0	0.0	0.0	0.0	0.0	2.12125253677	0.737169861794	0.0	24.2238941193
20120414	0.0	23399.0	0.0	1502.0	0.0	0.0	0.0	0.0	0.0	2.17776298523	0.614438176155	0.0	23.6715488434
20120415	0.0	23289.0	0.0	1505.0	0.0	0.0	0.0	0.0	0.0	2.14883732796	0.594175577164	0.0	23.8636474609
20120416	0.0	23198.0	0.0	1501.0	0.0	0.0	0.0	0.0	0.0	2.08794140816	0.610205709934	0.0	23.7876243591
20120417	0.0	23082.0	0.0	1498.0	0.0	0.0	0.0	0.0	0.0	2.06074762344	0.677732110023	0.0	22.9342956543
20120418	0.0	23126.0	0.0	1498.0	0.0	0.0	0.0	0.0	0.0	2.03137516975	0.699501514435	0.0	23.0759849548
20120419	0.0	18548.0	0.0	1499.0	0.0	0.0	0.0	0.0	0.0	2.13208794594	0.677720010281	0.0	24.3748073578
20120420	0.0	18935.0	0.0	1499.0	0.0	0.0	0.0	0.0	0.0	1.68579053879	0.706442415714	0.0	24.6526565552
20120421	0.0	19313.0	0.0	1501.0	0.0	0.0	0.0	0.0	0.0	1.69486999512	0.766118228436	0.0	25.7257900238
20120422	0.0	19465.0	0.0	1503.0	0.0	0.0	0.0	0.0	0.0	1.74318027496	0.778352379799	242.695922852	25.6365203857
20120423	0.0	19747.0	0.0	1501.0	0.0	0.0	0.0	0.0	0.0	1.79946708679	0.837714314461	0.0	24.6369915009
20120424	0.0	20646.0	0.0	1500.0	0.0	0.0	0.0	0.0	0.0	1.8193333149	0.86734431982	0.0	22.4723072052
20120425	0.0	20761.0	0.0	1499.0	0.0	0.0	0.0	0.0	0.0	1.85723817348	0.818863213062	0.0	23.9120349884
20120426	0.0	20775.0	0.0	1495.0	0.0	0.0	0.0	0.0	0.0	1.91638791561	0.819782733917	0.0	24.1406707764
20120427	0.0	20656.0	0.0	1499.0	0.0	0.0	0.0	0.0	0.0	1.90393590927	0.77266895771	0.0	24.5476665497
20120428	0.0	20826.0	0.0	1498.0	0.0	0.0	0.0	0.0	0.0	1.93858480453	0.73698079586	0.0	24.7981109619
20120429	0.0	21058.0	0.0	1501.0	0.0	0.0	0.0	0.0	0.0	1.97401738167	0.747007846832	0.0	24.4988479614
20120430	0.0	20998.0	0.0	1503.0	0.0	0.0	0.0	0.0	0.0	1.93280100822	0.731566727161	0.0	24.639415741
20120501	0.0	20932.0	0.0	1502.0	0.0	0.0	0.0	0.0	0.0	1.9014647007	0.774100184441	0.0	24.252532959
20120502	0.0	20830.0	0.0	1500.0	0.0	0.0	0.0	0.0	0.0	1.86933326721	0.814337432384	0.0	23.9954738617
20120503	0.0	20772.0	0.0	1500.0	0.0	0.0	0.0	0.0	0.0	1.84733331203	0.829392015934	0.0	23.1996040344
20120504	0.0	20876.0	0.0	1498.0	0.0	0.0	0.0	0.0	0.0	1.89919900894	0.809832036495	0.0	23.6688289642
20120505	0.0	20846.0	0.0	1499.0	0.0	0.0	0.0	0.0	0.0	1.92328214645	0.76540273428	0.0	23.6740112305
20120506	0.0	20944.0	0.0	1499.0	0.0	0.0	0.0	0.0	0.0	1.98265516758	0.751515090466	0.0	23.9397754669
20120507	0.0	20262.0	0.0	1499.0	0.0	0.0	0.0	0.0	0.0	1.90460312366	0.757648646832	0.0	23.7992286682
20120508	0.0	20278.0	0.0	1499.0	0.0	0.0	0.0	0.0	0.0	1.85256838799	0.746692419052	0.0	24.624004364
20120509	0.0	20403.0	0.0	1498.0	0.0	0.0	0.0	0.0	0.0	1.83177566528	0.783910930157	0.0	24.8963909149
20120510	0.0	20512.0	0.0	1500.0	0.0	0.0	0.0	0.0	0.0	1.86400008202	0.834071874619	0.0	24.7455539703
20120511	0.0	20637.0	0.0	1499.0	0.0	0.0	0.0	0.0	0.0	1.89059376717	0.837037324905	0.0	24.1873378754
20120512	0.0	21986.0	0.0	1497.0	0.0	0.0	0.0	0.0	0.0	1.88577151299	0.853958070278	196.401168823	23.8661346436
20120513	0.0	21914.0	0.0	1499.0	0.0	0.0	0.0	0.0	0.0	1.95130085945	0.77478146553	0.0	23.9993095398
20120514	0.0	21797.0	0.0	1498.0	0.0	0.0	0.0	0.0	0.0	1.99465954304	0.808044970036	0.0	24.16472435
20120515	0.0	21788.0	0.0	1498.0	0.0	0.0	0.0	0.0	0.0	1.95660889149	0.724772632122	0.0	25.203420639
20120516	0.0	21610.0	0.0	1498.0	0.0	0.0	0.0	0.0	0.0	2.04873180389	0.749345302582	0.0	24.8997039795
20120517	0.0	21568.0	0.0	1495.0	0.0	0.0	0.0	0.0	0.0	1.88026762009	0.754460394382	0.0	24.4089660645
20120518	0.0	21387.0	0.0	1500.0	0.0	0.0	0.0	0.0	0.0	2.00133323669	0.832630157471	0.0	23.6859130859
20120519	0.0	21240.0	0.0	1499.0	0.0	0.0	0.0	0.0	0.0	1.93328893185	0.740444362164	0.0	25.0302143097
20120520	0.0	21110.0	0.0	1499.0	0.0	0.0	0.0	0.0	0.0	1.85790526867	0.807134509087	0.0	25.0769557953
20120521	0.0	21067.0	0.0	1501.0	0.0	0.0	0.0	0.0	0.0	1.91805458069	0.711144030094	0.0	24.9404563904
20120522	0.0	20910.0	0.0	1501.0	0.0	0.0	0.0	0.0	0.0	1.90939366817	0.739444077015	0.0	25.0468120575
20120523	0.0	25517.0	0.0	1497.0	0.0	0.0	0.0	0.0	0.0	1.9198397398	0.738911986351	0.0	25.2707691193
20120524	0.0	24853.0	0.0	1498.0	0.0	0.0	0.0	0.0	0.0	2.3291053772	0.70778298378	0.0	25.3359642029
20120525	0.0	24485.0	0.0	1498.0	0.0	0.0	0.0	0.0	0.0	2.33978629112	0.72346329689	0.0	24.7884368896
20120526	0.0	24172.0	0.0	1497.0	0.0	0.0	0.0	0.0	0.0	2.22578477859	0.77476811409	0.0	24.5278491974
20120527	0.0	23936.0	0.0	1495.0	0.0	0.0	0.0	0.0	0.0	2.1839466095	0.814818620682	0.0	24.768497467
20120528	0.0	23861.0	0.0	1494.0	0.0	0.0	0.0	0.0	0.0	2.19277119637	0.748306691647	0.0	24.7976646423
20120529	0.0	23973.0	0.0	1494.0	0.0	0.0	0.0	0.0	0.0	2.25702810287	0.744964778423	0.0	25.0630569458
20120530	0.0	23856.0	0.0	1493.0	0.0	0.0	0.0	0.0	0.0	2.18084406853	0.72740393877	0.0	25.8242588043
20120531	0.0	24876.0	0.0	1494.0	0.0	0.0	0.0	0.0	0.0	2.19076299667	0.781115293503	0.0	26.1109161377
20120601	0.0	24659.0	0.0	1492.0	0.0	0.0	0.0	0.0	0.0	2.32439661026	0.754825592041	178.652038574	26.6803703308
20120602	0.0	24435.0	0.0	1494.0	0.0	0.0	0.0	0.0	0.0	2.25702810287	0.76372975111	3.59060590196e-33	25.3971099854
20120603	0.0	29365.0	1.0	1497.0	0.000668002699967	0.0	0.0	0.0	0.0	2.21843695641	0.805121481419	0.0	24.787820816
20120604	0.0	28512.0	0.0	1499.0	0.000667111424264	0.0	0.0	0.0	0.0	2.69179439545	0.706866025925	0.0	25.142250061
20120605	0.0	27927.0	0.0	1498.0	0.000667556771077	0.0	0.0	0.0	0.0	2.56608819962	0.681427061558	0.0	25.8418216705
20120606	0.0	27359.0	0.0	1497.0	0.000668002699967	0.0	0.0	0.0	0.0	2.52772212029	0.662444710732	0.0	26.4661865234
20120607	0.0	26994.0	0.0	1497.0	0.000668002699967	0.0	0.0	0.0	0.0	2.47561788559	0.747161328793	0.0	26.2226886749
20120608	0.0	27631.0	0.0	1497.0	0.000668002699967	0.0	0.0	0.0	0.0	2.45090198517	0.63520526886	0.0	26.2790203094
20120609	0.0	27412.0	0.0	1498.0	0.000667556771077	0.0	0.0	0.0	0.0	2.53604793549	0.737686634064	0.0	25.8470134735
20120610	0.0	27048.0	0.0	1498.0	0.000667556771077	0.0	0.0	0.0	0.0	2.52536725998	0.770692050457	0.0	25.5074596405
20120611	0.0	26910.0	0.0	1498.0	0.000667556771077	0.0	0.0	0.0	0.0	2.45327115059	0.693118870258	0.0	25.6590824127
20120612	0.0	26733.0	0.0	1499.0	0.000667111424264	0.0	0.0	0.0	0.0	2.45430278778	0.687681615353	0.0	25.5769996643
20120613	0.0	26570.0	0.0	1497.0	0.000668002699967	0.0	0.0	0.0	0.0	2.39278554916	0.643293917179	0.0	26.4066352844
20120614	0.0	32080.0	0.0	1496.0	0.000668449210934	0.0	0.0	0.0	0.0	2.46657752991	0.502586126328	0.0	26.339673996
20120615	0.0	31635.0	0.0	1493.0	0.00066979235271	0.0	0.0	0.0	0.0	2.88211655617	0.688118040562	0.0	24.6708507538
20120616	0.0	30911.0	0.0	1494.0	0.000669344037306	0.0	0.0	0.0	0.0	2.92302536964	0.811418116093	83.810043335	22.4657325745
20120617	0.0	30402.0	0.0	1495.0	0.000668896303978	0.0	0.0	0.0	0.0	2.7913043499	0.826820909977	300.0	22.5501556396
20120618	0.0	24536.0	0.0	1494.0	0.000669344037306	0.000669344037306	0.0	0.0	0.0	2.75970554352	0.746929764748	0.0884383544326	24.9783859253
20120619	0.0	26963.0	0.0	1496.0	0.000668449210934	0.000668449210934	0.0	0.0	0.0	2.22794127464	0.684741854668	0.0	25.8976535797
20120620	0.0	26912.0	0.0	1494.0	0.000669344037306	0.000669344037306	0.0	0.0	0.0	2.443775177	0.703682661057	0.0	26.1620578766
20120621	0.0	27001.0	0.0	1494.0	0.000669344037306	0.000669344037306	0.0	0.666666666667	0.0	2.45917010307	0.709987699986	150.0	26.2633857727
20120622	0.0	26892.0	0.0	1496.0	0.000668449210934	0.000668449210934	0.0	0.0	0.0	2.43783426285	0.693986713886	60.6626701355	25.5836467743
20120623	0.0	26675.0	0.0	1493.0	0.00066979235271	0.00066979235271	0.0	0.0	0.0	2.43134617805	0.613220155239	51.7994155884	26.1178836823
20120624	0.0	26655.0	0.0	1494.0	0.000669344037306	0.000669344037306	0.0	0.0	1.55200263752e-09	2.42704129219	0.689062654972	2.66726750555e-32	25.7531394958
20120625	0.0	26544.0	0.0	1492.0	0.000670241308399	0.000670241308399	0.0	0.0	7.99502331006e-09	2.39008045197	0.767005681992	0.0	25.6611022949
20120626	0.0	26539.0	0.0	1491.0	0.000670690787956	0.000670690787956	0.0	0.0	5.05618586999e-08	2.37826967239	0.623117744923	0.0	26.8033180237
20120627	0.0	26515.0	0.0	1493.0	0.00066979235271	0.00066979235271	0.0	0.0	1.79907644338e-07	2.37910246849	0.747408270836	0.0	26.171245575
20120628	0.0	26408.0	0.0	1496.0	0.000668449210934	0.000668449210934	0.0	0.0	1.79524101895e-06	2.38903737068	0.797922194004	2.21090381558e-08	25.1382236481
20120629	0.0	26301.0	0.0	1497.0	0.000668002699967	0.000668002699967	0.0	0.0	3.30591274178e-06	2.41549777985	0.679563939571	242.695922852	25.5541744232
20120630	0.0	27620.0	0.0	1496.0	0.000668449210934	0.000668449210934	0.0	0.0	4.95292988489e-05	2.33021378517	0.645135462284	0.0	25.9583377838
20120701	0.0	27491.0	0.0	1496.0	0.000668449210934	0.000668449210934	0.0	0.0	4.67364116048e-05	2.52339553833	0.671237945557	0.0	25.422952652
20120702	0.0	27290.0	0.0	1493.0	0.00066979235271	0.00066979235271	0.0	0.0	0.00046328996541	2.54588079453	0.825151085854	300.0	25.4055652618
20120703	0.0	27214.0	0.0	1492.0	0.000670241308399	0.000670241308399	0.0	0.0	0.000381768943043	2.45844507217	0.663377404213	0.0	25.4637870789
20120704	0.0	34802.0	0.0	1491.0	0.000670690787956	0.000670690787956	0.0	0.0	0.000574290927034	2.44735074043	0.679000139236	141.114135742	24.7275562286
20120705	0.0	34082.0	0.0	1491.0	0.000670690787956	0.000670690787956	0.0	0.0	0.000423735938966	3.20053648949	0.651965200901	300.0	25.7125606537
20120706	0.0	33019.0	0.0	1493.0	0.00066979235271	0.00066979235271	0.0	0.0	0.000455225905171	3.12659072876	0.611500144005	0.0	26.1416492462
20120707	0.0	32436.0	0.0	1492.0	0.000670241308399	0.000670241308399	0.0	0.0	0.000218115208554	3.02680969238	0.709158539772	0.0	25.7164993286
20120708	0.0	26336.0	0.0	1491.0	0.000670690787956	0.000670690787956	0.0	0.0	0.000194876920432	2.96177053452	0.799380064011	300.0	25.2431468964
20120709	0.0	33129.0	0.0	1491.0	0.000670690787956	0.000670690787956	0.0	0.0	0.000132020883029	2.46545934677	0.702107727528	0.0	25.6219539642
20120710	0.0	27103.0	0.0	1491.0	0.000670690787956	0.000670690787956	0.0	0.0	0.000324699911289	3.06773972511	0.636069536209	0.0	26.3030033112
20120711	0.0	27458.0	0.0	1493.0	0.00066979235271	0.00066979235271	0.0	0.0	0.000415889400756	2.4527797699	0.680776834488	0.0	26.1216011047
20120712	0.0	27359.0	0.0	1492.0	0.000670241308399	0.000670241308399	0.0	0.0	0.000406717736041	2.46313667297	0.695045650005	0.0	24.8920574188
20120713	0.0	27421.0	0.0	1494.0	0.000669344037306	0.000669344037306	0.0	0.0	0.000350013782736	2.49330663681	0.662674725056	196.401168823	25.858455658
20120714	0.0	27379.0	0.0	1493.0	0.00066979235271	0.00066979235271	0.0	0.0	0.000324670196278	2.46617555618	0.697054982185	0.0	26.6333465576
20120715	0.0	27530.0	0.0	1493.0	0.00133958470542	0.00133958470542	0.0	0.0	0.000259615044342	2.55525779724	0.703769385815	0.0	26.5046653748
20120716	0.0	27554.0	0.0	1490.0	0.000671140966006	0.000671140966006	0.0	0.0	0.000227348093176	2.52281880379	0.653731107712	83.810043335	26.5821800232
20120717	0.0	34590.0	0.0	1491.0	0.000670690787956	0.000670690787956	0.0	0.0	0.000199517191504	2.51106643677	0.785208463669	0.0	25.416387558
20120718	0.0	33812.0	0.0	1489.0	0.000671591667924	0.000671591667924	0.0	0.0	0.000300159066683	3.22565460205	0.808996796608	103.598831177	25.2597141266
20120719	0.0	36897.0	0.0	1490.0	0.000671140966006	0.000671140966006	0.0	0.0	0.000261562556261	3.13825488091	0.814543604851	0.0	24.972202301
20120720	0.0	35680.0	0.0	1492.0	0.000670241308399	0.000670241308399	0.0	0.0	0.000474056199891	3.37667560577	0.853752613068	0.0	24.9081478119
20120721	0.0	35541.0	0.0	1489.0	0.000671591667924	0.000671591667924	0.0	0.0	0.000408488151152	3.31967759132	0.727699518204	242.695922852	25.8943481445
20120722	0.0	34442.0	0.0	1488.0	0.000672043010127	0.0	0.0	0.0	0.000514906132594	3.31586027145	0.689562380314	0.0	26.5298347473
20120723	0.0	34026.0	0.0	1490.0	0.000671140966006	0.0	0.0	0.0	0.000447948783403	3.13489937782	0.634523391724	0.0	25.9102134705
20120724	0.0	34815.0	0.0	1487.0	0.000672494934406	0.0	0.0	0.0	0.000455493165646	3.04236721992	0.66895121336	158.885864258	26.5094718933
20120725	0.0	35079.0	0.0	1488.0	0.000672043010127	0.0	0.0	0.0	0.000386626605177	3.17540335655	0.770014822483	280.211212158	26.2813339233
20120726	0.0	34262.0	0.0	1485.0	0.00067340064561	0.0	0.0	0.0	0.000348380184732	3.2356903553	0.718779146671	0.0	26.3839206696
20120727	0.0	33477.0	0.0	1486.0	0.00067294749897	0.0	0.0	0.0	0.000285002723103	3.08681035042	0.595895290375	79.4429321289	26.1296844482
20120728	0.0	33150.0	0.0	1488.0	0.000672043010127	0.0	0.0	0.0	0.000236215317273	3.1115591526	0.635265171528	70.5570678711	26.0996303558
20120729	0.0	32615.0	0.0	1491.0	0.000670690787956	0.0	0.0	0.0	0.000186831981409	3.00603628159	0.716723918915	0.0	26.6870937347
20120730	0.0	33468.0	0.0	1491.0	0.000670690787956	0.0	0.0	0.0	0.000148198538227	2.94097924232	0.75666064024	108.094978333	24.9324455261
20120731	0.0	33016.0	0.0	1491.0	0.000670690787956	0.0	0.0	0.0	0.000114424619824	3.10261559486	0.866973638535	0.0	24.2730998993
20120801	0.0	34056.0	0.0	1494.0	0.000669344037306	0.000669344037306	0.0	0.0	8.78035498317e-05	3.0133869648	0.691333770752	0.0	25.4638881683
20120802	0.0	33944.0	0.0	1493.0	0.00066979235271	0.00066979235271	0.0	0.0	6.60935329506e-05	3.09645009041	0.662165224552	300.0	25.8535938263
20120803	0.0	34481.0	0.0	1489.0	0.000671591667924	0.000671591667924	0.0	0.0	4.957856072e-05	3.1027534008	0.802175760269	0.0	24.302520752
20120804	2.88875417027e-05	34617.0	0.0	1488.0	0.000672043010127	0.000672043010127	0.0	0.0	3.60162157449e-05	3.21169352531	0.775144040585	0.0	24.5365924835
20120805	2.90832940664e-05	34384.0	0.0	1487.0	0.000672494934406	0.000672494934406	0.000672494934406	0.0	2.60578872258e-05	3.2246131897	0.637344360352	300.0	25.8523540497
20120806	2.95910522254e-05	33794.0	0.0	1490.0	0.000671140966006	0.000671140966006	0.0	0.0	1.83702541108e-05	3.07516789436	0.742889106274	79.4429321289	25.0167274475
20120807	5.70125412196e-05	35080.0	0.0	1488.0	0.000672043010127	0.000672043010127	0.0	0.0	1.45327421706e-05	3.06586027145	0.91898971796	0.0	22.3890247345
20120808	7.07764193066e-05	28258.0	0.0	1489.0	0.000671591667924	0.000671591667924	0.0	0.0	1.06126599348e-05	3.09603762627	0.861977636814	242.695922852	24.3892021179
20120809	7.03903133399e-05	28413.0	0.0	1491.0	0.000670690787956	0.000670690787956	0.0	0.0	8.6915842985e-06	2.52917504311	0.758233129978	83.810043335	25.3061294556
20120810	7.00083983247e-05	28568.0	0.0	1489.0	0.000671591667924	0.000671591667924	0.0	0.0	6.03436410529e-06	2.54331755638	0.709022223949	0.0	26.28166008
20120811	6.81523888488e-05	29346.0	0.0	1490.0	0.000671140966006	0.000671140966006	0.000671140966006	0.0	4.75047500004e-06	2.61946296692	0.710222184658	0.0	26.5950031281
20120812	3.23467575072e-05	30915.0	0.0	1491.0	0.000670690787956	0.000670690787956	0.0	0.0	3.28617170453e-06	2.65928888321	0.768468797207	0.0	24.2577285767
20120813	3.29554459313e-05	30344.0	0.0	1488.0	0.000672043010127	0.000672043010127	0.0	0.0	3.32640320266e-06	2.91599440575	0.814608991146	0.0	24.8174190521
20120814	3.27064590238e-05	30575.0	0.0	1489.0	0.000671591667924	0.000671591667924	0.000671591667924	0.0	2.60822912423e-06	2.74815320969	0.709852993488	0.0	25.2249755859
20120815	3.22040432366e-05	31052.0	0.0	1491.0	0.000670690787956	0.000670690787956	0.0	0.0	3.9915198613e-06	2.81690144539	0.76122033596	0.0	25.3970413208
20120816	4.00962308049e-05	24940.0	0.0	1490.0	0.000671140966006	0.000671140966006	0.0	0.0	3.30965849571e-06	2.89127516747	0.769439637661	103.598831177	25.2928256989
20120817	3.1405063055e-05	31842.0	0.0	1490.0	0.000671140966006	0.000671140966006	0.0	0.0	5.96555355514e-06	2.28255033493	0.828947722912	0.0	25.3759632111
20120818	3.16766454489e-05	31569.0	0.0	1491.0	0.000670690787956	0.000670690787956	0.0	0.0	4.79816253574e-06	2.91281032562	0.688919603825	196.401168823	26.2059936523
20120819	3.21812440234e-05	31074.0	0.0	1492.0	0.000670241308399	0.000670241308399	0.0	0.0	8.02031263447e-06	2.90884709358	0.753634095192	150.0	26.0587520599
20120820	0.0	32676.0	0.0	1491.0	0.000670690787956	0.000670690787956	0.0	0.0	6.12677649769e-06	2.92890691757	0.749192714691	150.0	26.0326290131
20120821	0.0	32264.0	0.0	1488.0	0.000672043010127	0.000672043010127	0.0	0.0	1.03164875327e-05	2.9065861702	0.753789663315	0.0	25.8174800873
20120822	0.0	31859.0	0.0	1487.0	0.000672494934406	0.000672494934406	0.0	0.0	7.83956329542e-06	2.9878950119	0.770239770412	0.0	25.1475391388
20120823	0.0	33366.0	0.0	1486.0	0.00067294749897	0.0	0.0	0.0	1.28113197206e-05	2.88021540642	0.8237439394	0.0	23.2354125977
20120824	0.0	31856.0	0.0	1487.0	0.000672494934406	0.0	0.0	0.0	9.72411362454e-06	3.10221934319	0.919424116611	37.515296936	22.6446018219
20120825	0.0	31550.0	0.0	1487.0	0.000672494934406	0.0	0.0	0.0	1.33089424708e-05	2.95830512047	0.865136563778	79.4429321289	23.8175086975
20120826	0.0	32770.0	0.0	1488.0	0.000672043010127	0.0	0.0	0.0	1.01019522845e-05	2.94153213501	0.851955533028	0.0	23.882434845
20120827	0.0	32687.0	0.0	1487.0	0.000672494934406	0.0	0.0	0.0	1.10680821308e-05	2.95158028603	0.769895672798	0.0	23.7651844025
20120828	0.0	32266.0	0.0	1489.0	0.000671591667924	0.0	0.0	0.0	8.3896684373e-06	2.99529886246	0.753143012524	0.0	24.5041866302
20120829	0.0	25980.0	0.0	1490.0	0.000671140966006	0.000671140966006	0.0	0.0	7.68095651438e-06	2.96711397171	0.715024411678	0.0	25.2014598846
20120830	0.0	25972.0	0.0	1491.0	0.000670690787956	0.0	0.0	0.0	5.81773019803e-06	2.40174388885	0.800385117531	0.0	24.9698390961
20120831	0.0	26200.0	0.0	1491.0	0.000670690787956	0.0	0.0	0.0	4.6973868848e-06	2.41918158531	0.78805243969	0.0	25.1899719238
20120901	0.0	26312.0	0.0	1489.0	0.000671591667924	0.0	0.0	0.0	3.55726547241e-06	2.37474822998	0.785299003124	0.0	25.0404148102
20120902	0.0	25142.0	0.0	1486.0	0.00067294749897	0.0	0.0	0.0	2.73814907814e-06	2.39502024651	0.789730489254	0.0	24.6760520935
20120903	0.0	26477.0	0.0	1486.0	0.00067294749897	0.0	0.0	0.0	2.0628197035e-06	2.34858679771	0.775569319725	0.0	24.782913208
20120904	0.0	27060.0	0.0	1487.0	0.000672494934406	0.000672494934406	0.0	0.0	1.56023838827e-06	2.45258903503	0.77609962225	0.0	24.4088172913
20120905	0.0	27086.0	0.0	1487.0	0.000672494934406	0.000672494934406	0.0	0.0	1.16478929613e-06	2.51916599274	0.834336519241	0.0	24.5998764038
20120906	0.0	28106.0	0.0	1487.0	0.00134498986881	0.000672494934406	0.0	0.0	2.16040893974e-06	2.60390043259	0.773729681969	0.0	24.9883785248
20120907	0.0	28582.0	0.0	1485.0	0.00134680129122	0.0	0.0	0.0	1.6071905975e-06	2.59528613091	0.783487856388	0.0	24.9564151764
20120908	0.0	29131.0	0.0	1486.0	0.00134589499794	0.00067294749897	0.0	0.0	1.22409562664e-06	2.58142662048	0.785778999329	0.0	25.9049110413
20120909	0.0	28924.0	0.0	1482.0	0.000674763810821	0.000674763810821	0.0	0.0	3.5976964341e-07	2.64035081863	0.730913698673	0.0	25.6200885773
20120910	0.0	28439.0	0.0	1483.0	0.000674308859743	0.000674308859743	0.0	0.0	3.26402528117e-07	2.59204316139	0.784141480923	0.0	25.1959075928
20120911	0.0	28278.0	0.0	1481.0	0.000675219460391	0.000675219460391	0.0	0.0	2.40832434883e-07	2.68602275848	0.777311563492	0.0	25.6353378296
20120912	0.0	28810.0	0.0	1480.0	0.000675675692037	0.000675675692037	0.0	0.0	2.88296519102e-07	2.53175663948	0.780489683151	300.0	25.1585903168
20120913	0.0	29044.0	0.0	1479.0	0.00067613250576	0.00067613250576	0.0	0.0	2.14465501358e-07	2.70926308632	0.770211935043	141.114135742	25.6713142395
20120914	0.0	33319.0	0.0	1480.0	0.000675675692037	0.000675675692037	0.0	0.0	4.03858166464e-07	2.67297291756	0.82668364048	300.0	25.5336856842
20120915	0.0	32302.0	0.0	1480.0	0.000675675692037	0.0	0.0	0.0	2.9286525205e-07	3.0459458828	0.797550320625	262.484710693	24.8394260406
20120916	0.0	31338.0	0.0	1487.0	0.000672494934406	0.000672494934406	0.0	0.0	7.66911512073e-07	2.93745803833	0.787756204605	37.515296936	25.2510490417
20120917	0.0	30858.0	0.0	1489.0	0.000671591667924	0.000671591667924	0.0	0.0	6.04558124451e-07	2.80389523506	0.799952030182	178.6746521	25.126625061
20120918	0.0	30167.0	0.0	1489.0	0.000671591667924	0.000671591667924	0.0	0.0	1.8025451709e-06	2.85090661049	0.822863399982	158.885864258	24.4051933289
20120919	0.0	29960.0	0.0	1488.0	0.000672043010127	0.000672043010127	0.0	0.0	1.42552812576e-06	2.71908593178	0.770487308502	300.0	24.6543922424
20120920	0.0	29775.0	0.0	1487.0	0.000672494934406	0.0	0.0	0.0	3.04213335767e-06	2.77336931229	0.805987179279	0.0	25.2148933411
20120921	0.0	29548.0	0.0	1484.0	0.000673854432534	0.000673854432534	0.0	0.0	2.23490815188e-06	2.69878697395	0.744872689247	300.0	25.4564971924
20120922	0.0	29683.0	0.0	1485.0	0.00067340064561	0.00067340064561	0.0	0.0	3.80740857508e-06	2.77306389809	0.7306432724	0.0	25.7700157166
20120923	0.0	29670.0	0.0	1484.0	0.000673854432534	0.000673854432534	0.0	0.0	2.68344729193e-06	2.74528312683	0.652119576931	2.07156913941e-32	26.0876712799
20120924	0.0	29400.0	0.0	1486.0	0.00067294749897	0.00067294749897	0.0	0.0	4.5133419917e-06	2.73351287842	0.69625210762	0.0	25.2746810913
20120925	0.0	29185.0	0.0	1481.0	0.000675219460391	0.000675219460391	0.0	0.0	3.44978548128e-06	2.73328828812	0.790777862072	0.0	24.7181415558
20120926	0.0	28947.0	0.0	1479.0	0.00067613250576	0.00067613250576	0.0	0.0	5.4720294429e-06	2.73495602608	0.813392519951	300.0	24.2137355804
20120927	0.0	28717.0	0.0	1481.0	0.000675219460391	0.000675219460391	0.0	0.0	4.31009402746e-06	2.62660360336	0.813695251942	0.0	24.208990097
20120928	0.0	28557.0	0.0	1480.0	0.000675675692037	0.000675675692037	0.0	0.0	5.65375239603e-06	2.54459476471	0.826954841614	158.885864258	24.1188220978
20120929	0.0	28633.0	0.0	1477.0	0.000677048054058	0.0	0.0	0.0	4.24749441663e-06	2.64725804329	0.799382328987	83.810043335	24.9616394043
20120930	0.0	31314.0	0.0	1477.0	0.000677048054058	0.000677048054058	0.0	0.0	4.53823349744e-06	2.64116430283	0.730621814728	300.0	25.9860248566
20121001	0.0	25309.0	0.0	1475.0	0.000677966105286	0.000677966105286	0.0	0.0	3.28668784277e-06	2.87999987602	0.775296628475	0.0	25.3060054779
20121002	0.0	26258.0	0.0	1477.0	0.000677048054058	0.000677048054058	0.0	0.0	4.17840510636e-06	2.32295203209	0.782860934734	0.0	24.7556266785
20121003	0.0	35061.0	0.0	1477.0	0.000677048054058	0.000677048054058	0.0	0.0	3.17726494359e-06	2.43940424919	0.73823851347	141.114135742	25.0351486206
20121004	0.0	28110.0	0.0	1476.0	0.000677506788634	0.000677506788634	0.0	0.0	5.29858834852e-06	3.28523039818	0.781361281872	0.0	24.8056545258
20121005	0.0	27998.0	0.0	1477.0	0.000677048054058	0.0	0.0	0.0	4.21375625592e-06	2.65538239479	0.825314104557	0.0	24.157251358
20121006	0.0	35489.0	0.0	1477.0	0.000677048054058	0.0	0.0	0.0	5.80985124543e-06	2.57887601852	0.835166215897	0.0	24.4817199707
20121007	0.0	28611.0	0.0	1484.0	0.000673854432534	0.0	0.0	0.0	4.39418681708e-06	3.28571414948	0.836053311825	0.0	24.7618770599
20121008	0.0	30044.0	0.0	1482.0	0.000674763810821	0.0	0.0	0.0	5.10166864842e-06	2.65991902351	0.820753216743	0.0	24.9200801849
20121009	0.0	29557.0	0.0	1479.0	0.00067613250576	0.0	0.0	0.0	3.87379395761e-06	2.84719395638	0.84354019165	280.211212158	24.688035965
20121010	0.0	30622.0	0.0	1481.0	0.000675219460391	0.0	0.0	0.0	4.25458483733e-06	2.71033096313	0.823739886284	0.0	25.0399971008
20121011	0.0	29923.0	0.0	1483.0	0.000674308859743	0.0	0.0	0.0	3.2155048757e-06	2.75657463074	0.776310324669	0.0	25.8143825531
20121012	0.0	28987.0	0.0	1485.0	0.00067340064561	0.00067340064561	0.0	0.0	3.98092379328e-06	2.80202031136	0.828228712082	0.0	25.2226867676
20121013	0.0	28435.0	0.0	1483.0	0.000674308859743	0.0	0.0	0.0	3.00885199067e-06	2.65475392342	0.798775434494	0.0	25.2200946808
20121014	0.0	28119.0	0.0	1485.0	0.00067340064561	0.0	0.0	0.0	3.35611707669e-06	2.58181810379	0.854297339916	0.0	25.3941364288
20121015	0.0	29529.0	0.0	1485.0	0.00067340064561	0.0	0.0	0.0	2.51726919487e-06	2.63367009163	0.843201756477	0.0	24.914182663
20121016	0.0	36636.0	0.0	1483.0	0.000674308859743	0.000674308859743	0.0	0.0	2.42298415287e-06	2.647336483	0.849964857101	0.0	24.7825641632
20121017	0.0	34858.0	0.0	1482.0	0.000674763810821	0.000674763810821	0.0	0.0	1.79458459115e-06	3.32523608208	0.829433679581	0.0	25.3068294525
20121018	0.0	27965.0	0.0	1484.0	0.000673854432534	0.0	0.0	0.0	1.45326782786e-06	3.13544487953	0.857365846634	0.0	24.8803710938
20121019	0.0	29381.0	0.0	1486.0	0.00067294749897	0.0	0.0	0.0	1.04520188415e-06	2.55585455894	0.824721097946	300.0	24.6478328705
20121020	0.0	30464.0	0.0	1486.0	0.00067294749897	0.00067294749897	0.0	0.0	7.9835018596e-07	2.68640637398	0.802539885044	0.0	24.5151786804
20121021	0.0	28897.0	0.0	1484.0	0.000673854432534	0.0	0.0	0.0	5.47292756892e-07	2.76886796951	0.815917253494	150.0	24.1388397217
20121022	0.0	29452.0	0.0	1484.0	0.000673854432534	0.000673854432534	0.0	0.0	4.68818768695e-07	2.58355808258	0.863481521606	141.114135742	22.8579006195
20121023	0.0	30631.0	0.0	1481.0	0.000675219460391	0.000675219460391	0.0	0.0	3.4331148413e-07	2.77785277367	0.947649598122	3.33491615828e-19	21.3612766266
20121024	0.0	29080.0	0.0	1484.0	0.000673854432534	0.000673854432534	0.0	0.0	4.41971195642e-07	2.79110527039	0.970491290092	242.695922852	21.852897644
20121025	0.0	29185.0	0.0	1481.0	0.000675219460391	0.0	0.0	0.0	3.60504145647e-07	2.6934504509	0.94889998436	83.810043335	22.5922660828
20121026	0.0	29058.0	0.0	1483.0	0.000674308859743	0.000674308859743	0.0	0.0	7.65541585679e-07	2.6864464283	0.853028774261	300.0	24.485994339
20121027	0.0	23398.0	0.0	1483.0	0.000674308859743	0.0	0.0	0.0	6.0515549194e-07	2.61227226257	0.768773674965	0.0	24.9223537445
20121028	0.0	24055.0	0.0	1480.0	0.000675675692037	0.000675675692037	0.0	0.0	1.51980975716e-06	2.18378376961	0.741675019264	0.0	24.2922935486
20121029	0.0	25552.0	0.0	1484.0	0.000673854432534	0.0	0.0	0.0	1.14888803182e-06	2.24730443954	0.784485638142	0.0	24.3434619904
20121030	0.0	25432.0	0.0	1481.0	0.000675219460391	0.0	0.0	0.0	3.26317217514e-06	2.39702916145	0.817812561989	0.0	24.354347229
20121031	0.0	25213.0	0.0	1481.0	0.000675219460391	0.0	0.0	0.0	2.47291836786e-06	2.36799454689	0.827423632145	121.325340271	24.1135597229
20121101	0.0	25089.0	0.0	1486.0	0.00067294749897	0.0	0.0	0.0	6.65695961288e-06	2.24562573433	0.801314234734	0.0	24.731552124
20121102	0.0	25280.0	0.0	1484.0	0.000673854432534	0.0	0.0	0.0	5.04968738824e-06	2.27964949608	0.815499663353	0.0	24.5202732086
20121103	0.0	26502.0	0.0	1484.0	0.000673854432534	0.0	0.0	0.0	8.35000264487e-06	2.28908348083	0.846622347832	0.0	24.042470932
20121104	0.0	26121.0	0.0	1485.0	0.00067340064561	0.0	0.0	0.0	6.30755721431e-06	2.36902356148	0.802433431149	0.0	25.1769504547
20121105	0.0	24784.0	0.0	1489.0	0.000671591667924	0.0	0.0	0.0	7.47696913095e-06	2.37541985512	0.795603871346	0.0	25.0384559631
20121106	0.0	24852.0	0.0	1486.0	0.00067294749897	0.0	0.0	0.0	5.63398498343e-06	2.31763124466	0.841322124004	0.0	24.4084243774
20121107	0.0	25204.0	0.0	1485.0	0.00067340064561	0.0	0.0	0.0	5.10421295985e-06	2.27070713043	0.85335534811	0.0	24.3824100494
20121108	0.0	26356.0	0.0	1486.0	0.00067294749897	0.0	0.0	0.0	3.79145626539e-06	2.33176326752	0.820087611675	0.0	24.539560318
20121109	0.0	26037.0	0.0	1485.0	0.00067340064561	0.00067340064561	0.0	0.0	2.97727342513e-06	2.48888897896	0.801038622856	0.0	23.7815246582
20121110	0.0	26653.0	0.0	1487.0	0.000672494934406	0.0	0.0	0.0	2.15823638428e-06	2.36449217796	0.768113613129	0.0	23.3468589783
20121111	0.0	27097.0	0.0	1487.0	0.000672494934406	0.000672494934406	0.0	0.0	1.60755541856e-06	2.50168132782	0.785499632359	0.0	23.5362071991
20121112	0.0	26936.0	0.0	1486.0	0.00067294749897	0.00067294749897	0.0	0.0	1.1509836213e-06	2.55652761459	0.795145630836	0.0	24.242855072
20121113	0.0	28089.0	0.0	1486.0	0.00067294749897	0.00067294749897	0.0	0.0	9.59542262535e-07	2.48317623138	0.813403427601	0.0	24.3802986145
20121114	0.0	27294.0	0.0	1488.0	0.000672043010127	0.0	0.0	0.0	7.30125350401e-07	2.54301095009	0.816510260105	0.0	24.4987506866
20121115	0.0	28417.0	0.0	1486.0	0.00067294749897	0.0	0.0	0.0	7.34665377422e-07	2.53230142593	0.824242830276	0.0	24.5060443878
20121116	0.0	27955.0	0.0	1484.0	0.000673854432534	0.0	0.0	0.0	6.12807127709e-07	2.58692717552	0.834784269333	158.885864258	24.196521759
20121117	0.0	27322.0	0.0	1485.0	0.00067340064561	0.00067340064561	0.0	0.0	8.68834831635e-07	2.57104372978	0.815198242664	0.0	24.6156272888
20121118	0.0	26722.0	0.0	1485.0	0.00067340064561	0.0	0.0	0.0	6.60592888835e-07	2.49562287331	0.853729486465	280.211212158	23.9069709778
20121119	0.0	26405.0	0.0	1486.0	0.00067294749897	0.0	0.0	0.0	1.37468555295e-06	2.45491242409	0.835714697838	0.0	24.6337623596
20121120	0.0	26734.0	0.0	1485.0	0.00067340064561	0.0	0.0	0.0	1.04002367607e-06	2.45656561852	0.856073260307	0.0	23.6938533783
20121121	0.0	26547.0	0.0	1479.0	0.00067613250576	0.0	0.0	0.0	2.76775267594e-06	2.46382689476	0.779387235641	0.0	23.6143226624
20121122	0.0	26332.0	0.0	1479.0	0.00067613250576	0.0	0.0	0.0	2.08749838748e-06	2.4847869873	0.788386583328	0.0	22.4161949158
20121123	0.0	25851.0	0.0	1479.0	0.00067613250576	0.0	0.0	0.0	4.55003191746e-06	2.40838384628	0.768403470516	0.0	23.1766147614
20121124	0.0	25464.0	0.0	1480.0	0.000675675692037	0.0	0.0	0.0	3.40677115673e-06	2.36081075668	0.781935572624	0.0	23.9114322662
20121125	0.0	25300.0	0.0	1480.0	0.000675675692037	0.000675675692037	0.0	0.0	4.68315192848e-06	2.27094602585	0.787481784821	0.0	24.0697860718
20121126	0.0	25507.0	0.0	1482.0	0.000674763810821	0.0	0.0	0.0	3.4554946069e-06	2.35290145874	0.670058727264	0.0	24.1229763031
20121127	0.0	25316.0	0.0	1485.0	0.00067340064561	0.00067340064561	0.0	0.0	3.54050234819e-06	2.36498332024	0.80906099081	0.0	23.7433223724
20121128	0.0	25443.0	0.0	1484.0	0.000673854432534	0.000673854432534	0.0	0.0	2.54143219536e-06	2.28234505653	0.798663973808	0.0	24.6611499786
20121129	0.0	25371.0	0.0	1481.0	0.000675219460391	0.000675219460391	0.0	0.0	2.05592073144e-06	2.37879800797	0.781944811344	0.0	24.2859039307
20121130	0.0	24946.0	0.0	1483.0	0.000674308859743	0.000674308859743	0.0	0.0	1.39578742164e-06	2.31085634232	0.803871691227	0.0	24.5546531677
20121201	0.0	24891.0	0.0	1481.0	0.000675219460391	0.000675219460391	0.0	0.0	1.04066907625e-06	2.24577999115	0.809652686119	0.0	23.9462528229
20121202	0.0	24680.0	0.0	1481.0	0.000675219460391	0.000675219460391	0.0	0.0	6.93587026035e-07	2.27683997154	0.849977076054	0.0	22.4743862152
20121203	0.0	24529.0	0.0	1483.0	0.000674308859743	0.000674308859743	0.0	0.0	6.80423170252e-07	2.32636547089	0.815474629402	0.0	22.5497875214
20121204	0.0	24369.0	0.0	1482.0	0.000674763810821	0.000674763810821	0.0	0.0	5.17240607678e-07	2.25236177444	0.767810463905	0.0	23.1513786316
20121205	0.0	24425.0	0.0	1480.0	0.000675675692037	0.000675675692037	0.0	0.0	7.75907437855e-07	2.25608110428	0.831713438034	0.0	22.5418434143
20121206	0.0	19712.0	0.0	1479.0	0.00067613250576	0.00067613250576	0.0	0.0	6.66938660743e-07	2.24611210823	0.836657464504	0.0	22.8242988586
20121207	0.0	20761.0	0.0	1478.0	0.000676589959767	0.000676589959767	0.0	0.0	1.62538492532e-06	1.73680651188	0.774748027325	103.598831177	23.9454364777
20121208	0.0	20884.0	0.0	1478.0	0.000676589959767	0.000676589959767	0.0	0.0	1.26065015138e-06	1.89445197582	0.789191663265	0.0	24.6600074768
20121209	0.0	22462.0	0.0	1478.0	0.000676589959767	0.000676589959767	0.0	0.0	3.62969967682e-06	1.95940458775	0.810310006142	0.0	23.4268741608
20121210	0.0	22414.0	0.0	1478.0	0.000676589959767	0.0	0.0	0.0	2.78280344901e-06	2.08254384995	0.772869110107	0.0	23.8686523438
20121211	0.0	22293.0	0.0	1479.0	0.00067613250576	0.0	0.0	0.0	8.01437181508e-06	2.08857345581	0.801104962826	0.0	23.4518032074
20121212	0.0	22092.0	0.0	1479.0	0.00067613250576	0.0	0.0	0.0	6.08358413956e-06	2.02231240273	0.77624297142	0.0	23.9942646027
20121213	0.0	22036.0	0.0	1475.0	0.000677966105286	0.0	0.0	0.0	1.36602520797e-05	2.05220341682	0.831900835037	0.0	23.1040058136
20121214	0.0	21733.0	0.0	1475.0	0.000677966105286	0.0	0.0	0.0	1.03781303551e-05	2.00474572182	0.811260044575	0.0	23.2434501648
20121215	0.0	21777.0	0.0	1474.0	0.000678426062223	0.0	0.0	0.0	1.56914247782e-05	2.01899600029	0.777861058712	0.0	22.6262111664
20121216	0.0	21415.0	0.0	1476.0	0.000677506788634	0.0	0.0	0.0	1.19097267088e-05	1.98983740807	0.766082108021	0.0	22.8065929413
20121217	0.0	21144.0	0.0	1477.0	0.000677048054058	0.0	0.0	0.0	1.36452590596e-05	1.98171973228	0.750824213028	0.0	23.6850090027
20121218	0.0	21097.0	0.0	1480.0	0.000675675692037	0.0	0.0	0.0	1.03452002804e-05	1.95270264149	0.770228922367	0.0	23.9369468689
20121219	0.0	21081.0	0.0	1482.0	0.000674763810821	0.0	0.0	0.0	9.55885934673e-06	1.8994601965	0.726244568825	0.0	23.9024353027
20121220	0.0	21021.0	0.0	1479.0	0.00067613250576	0.0	0.0	0.0	7.26998632672e-06	1.92494928837	0.787076294422	0.0	22.5733070374
20121221	0.0	21100.0	0.0	1475.0	0.000677966105286	0.0	0.0	0.0	5.93454842601e-06	1.94915246964	0.840505838394	0.0	21.8463134766
20121222	0.0	21044.0	0.0	1477.0	0.000677048054058	0.0	0.0	0.0	4.49527669844e-06	1.88557887077	0.759391009808	0.0	21.6479549408
20121223	0.0	21008.0	0.0	1476.0	0.000677506788634	0.0	0.0	0.0	3.47266404788e-06	2.00338745117	0.778158485889	0.0	22.2273254395
20121224	0.0	20916.0	0.0	1478.0	0.000676589959767	0.0	0.0	0.0	2.62732328338e-06	1.91813266277	0.816719949245	0.0	23.0159626007
20121225	0.0	16899.0	0.0	1477.0	0.000677048054058	0.0	0.0	0.0	1.99899568543e-06	1.92823290825	0.791771233082	0.0	24.0373764038
20121226	0.0	20453.0	0.0	1477.0	0.000677048054058	0.0	0.0	0.0	1.51225219724e-06	1.51049423218	0.779951393604	0.0	24.193780899
20121227	0.0	20389.0	0.0	1477.0	0.000677048054058	0.0	0.0	0.0	1.14519355066e-06	1.85578870773	0.824539601803	0.0	23.7192420959
20121228	0.0	20900.0	0.0	1480.0	0.000675675692037	0.0	0.0	0.0	8.62181707362e-07	1.8175675869	0.768058001995	0.0	23.7792472839
20121229	0.0	20788.0	0.0	1479.0	0.00067613250576	0.0	0.0	0.0	6.53750305446e-07	1.94996619225	0.779387772083	0.0	23.1050300598
20121230	0.0	20732.0	0.0	1481.0	0.000675219460391	0.0	0.0	0.0	4.88903822315e-07	1.90952062607	0.8231164217	0.0	22.5286693573
20121231	0.0	20561.0	0.0	1476.0	0.000677506788634	0.0	0.0	0.0	3.751322879e-07	1.96070468426	0.798387646675	0.0	23.292350769
20130101	0.0	16635.0	0.0	1475.0	0.000677966105286	0.000677966105286	0.0	0.0	2.77216457789e-07	1.90169489384	0.738931536674	0.0	23.503692627
20130102	0.0	16906.0	0.0	1476.0	0.000677506788634	0.000677506788634	0.0	0.0	2.21602206807e-07	1.49728989601	0.766444444656	0.0	23.9103126526
20130103	0.0	17031.0	0.0	1475.0	0.000677966105286	0.000677966105286	0.0	0.0	1.60871380217e-07	1.55322039127	0.760095238686	0.0	23.6964321136
20130104	0.0	17292.0	0.0	1476.0	0.000677506788634	0.000677506788634	0.0	0.0	1.64684166748e-07	1.62195122242	0.763884425163	0.0	23.0992889404
20130105	0.0	21133.0	0.0	1475.0	0.000677966105286	0.000677966105286	0.0	0.0	1.24895066733e-07	1.61491525173	0.834093034267	0.0	22.6800613403
20130106	0.0	20882.0	0.0	1476.0	0.000677506788634	0.000677506788634	0.0	0.0	1.86527628898e-07	1.99254739285	0.774322032928	0.0	23.4405422211
20130107	0.0	20674.0	0.0	1477.0	0.000677048054058	0.0	0.0	0.0	1.48369551312e-07	1.95396077633	0.755789339542	0.0	23.986541748
20130108	0.0	16575.0	0.0	1477.0	0.000677048054058	0.000677048054058	0.0	0.0	3.26010109575e-07	1.91943120956	0.736688196659	0.0	23.4108047485
20130109	0.0	16785.0	0.0	1480.0	0.000675675692037	0.000675675692037	0.0	0.0	2.42450255428e-07	1.55405402184	0.675880730152	0.0	22.8747329712
20130110	0.0	20789.0	0.0	1479.0	0.00067613250576	0.00067613250576	0.0	0.0	6.46441833396e-07	1.53482079506	0.741757750511	0.0	22.1251544952
20130111	0.0	20585.0	0.0	1480.0	0.000675675692037	0.0	0.0	0.0	4.71654743706e-07	1.91351354122	0.730340361595	0.0	22.696931839
20130112	0.0	20296.0	0.0	1476.0	0.000677506788634	0.000677506788634	0.0	0.0	1.32312186452e-06	1.93224930763	0.704356491566	0.0	21.2910575867
20130113	0.0	19642.0	0.0	1479.0	0.00067613250576	0.00067613250576	0.0	0.0	9.27999906253e-07	1.90939831734	0.787152767181	0.0	21.0861263275
20130114	0.0	20083.0	0.0	1479.0	0.00067613250576	0.00067613250576	0.0	0.0	1.81122675258e-06	1.79716026783	0.74712562561	0.0	22.5474758148
20130115	0.0	16202.0	0.0	1477.0	0.000677048054058	0.000677048054058	0.0	0.0	1.25472979562e-06	1.84224784374	0.777555048466	0.0	22.3612976074
20130116	0.0	16469.0	0.0	1477.0	0.000677048054058	0.000677048054058	0.0	0.0	1.79299865977e-06	1.49695324898	0.752371013165	0.0	22.7774143219
20130117	0.0	16795.0	0.0	1476.0	0.000677506788634	0.000677506788634	0.0	0.0	1.31490651256e-06	1.49728989601	0.754355251789	0.0	23.2045001984
20130118	0.0	16853.0	0.0	1479.0	0.00067613250576	0.00067613250576	0.0	0.0	1.63792094554e-06	1.58147394657	0.735044300556	0.0	22.8835067749
20130119	0.0	17028.0	0.0	1477.0	0.000677048054058	0.000677048054058	0.0	0.0	1.27875682665e-06	1.58835470676	0.687902390957	0.0	23.151889801
20130120	0.0	16916.0	0.0	1475.0	0.000677966105286	0.000677966105286	0.0	0.0	1.75071795638e-06	1.57084739208	0.752554059029	0.0	22.8509311676
20130121	0.0	16504.0	0.0	1476.0	0.000677506788634	0.000677506788634	0.0	0.0	1.34767537929e-06	1.65379393101	0.769788920879	0.0	22.912405014
20130122	0.0	16662.0	0.0	1475.0	0.000677966105286	0.0	0.0	0.0	2.66538108917e-06	1.53627121449	0.79997164011	0.0	23.0383892059
20130123	0.0	16838.0	0.0	1472.0	0.000679347838741	0.000679347838741	0.0	0.0	2.11089377444e-06	1.59103250504	0.709698140621	0.0	23.7883014679
20130124	0.0	16825.0	0.0	1476.0	0.000677506788634	0.000677506788634	0.0	0.0	5.4504084801e-06	1.52506780624	0.747222959995	0.0	23.0838718414
20130125	0.0	17391.0	0.0	1474.0	0.000678426062223	0.0	0.0	0.0	4.16201692133e-06	1.54545450211	0.787462592125	0.0	23.3440971375
20130126	0.0	17262.0	0.0	1473.0	0.000678886601236	0.0	0.0	0.0	8.90033697942e-06	1.60692465305	0.758229136467	0.0	23.4903869629
20130127	0.0	17326.0	0.0	1474.0	0.000678426062223	0.0	0.0	0.0	6.75095407132e-06	1.54884672165	0.766427636147	0.0	22.6632137299
20130128	0.0	16679.0	0.0	1478.0	0.000676589959767	0.0	0.0	0.0	1.10577730084e-05	1.5981054306	0.781862437725	0.0	22.221950531
20130129	0.0	16680.0	0.0	1482.0	0.000674763810821	0.0	0.0	0.0	8.37429070089e-06	1.53036439419	0.717173159122	0.0	23.39204216
20130130	0.0	17169.0	0.0	1481.0	0.000675219460391	0.0	0.0	0.0	1.12552525025e-05	1.54085075855	0.773009538651	0.0	23.4958820343
20130131	0.0	17054.0	0.0	1480.0	0.000675675692037	0.0	0.0	0.0	8.55370035424e-06	1.56081080437	0.669597566128	0.0	22.9701766968
20130201	0.0	17107.0	0.0	1483.0	0.000674308859743	0.0	0.0	0.0	9.16325916478e-06	1.54012131691	0.642084300518	0.0	22.3637332916
20130202	0.0	17070.0	0.0	1481.0	0.000675219460391	0.0	0.0	0.0	6.96518418408e-06	1.62052667141	0.668911159039	0.0	22.9350032806
20130203	0.0	17083.0	0.0	1479.0	0.00067613250576	0.0	0.0	0.0	6.40255939288e-06	1.60649096966	0.660717189312	0.0	23.2916488647
20130204	0.0	16469.0	0.0	1481.0	0.000675219460391	0.0	0.0	0.0	4.84889233121e-06	1.59621870518	0.66446775198	0.0	23.2498416901
20130205	0.0	16517.0	0.0	1482.0	0.000674763810821	0.0	0.0	0.0	3.92582114728e-06	1.46693658829	0.704881548882	0.0	23.4541416168
20130206	0.0	16606.0	0.0	1485.0	0.00067340064561	0.0	0.0	0.0	2.96913003694e-06	1.50033676624	0.706418156624	0.0	23.2174854279
20130207	0.0	16679.0	0.0	1482.0	0.000674763810821	0.000674763810821	0.0	0.0	2.29186775869e-06	1.56680166721	0.717511057854	0.0	24.3269252777
20130208	0.0	16598.0	0.0	1483.0	0.000674308859743	0.0	0.0	0.0	1.73464400177e-06	1.5340526104	0.70510160923	0.0	23.8550891876
20130209	0.0	16645.0	0.0	1482.0	0.000674763810821	0.0	0.0	0.0	1.31930983116e-06	1.51417005062	0.760681331158	0.0	22.7976169586
20130210	0.0	20170.0	0.0	1481.0	0.000675219460391	0.0	0.0	0.0	9.9847261481e-07	1.52869689465	0.668411850929	0.0	22.6712017059
20130211	0.0	19897.0	0.0	1484.0	0.000673854432534	0.0	0.0	0.0	7.55343023684e-07	1.9568734169	0.612927496433	0.0	22.8131065369
20130212	0.0	15971.0	0.0	1482.0	0.000674763810821	0.000674763810821	0.0	0.0	5.69695657759e-07	1.83805668354	0.691860795021	0.0	23.2421283722
20130213	0.0	15974.0	0.0	1482.0	0.000674763810821	0.000674763810821	0.0	0.0	4.33132271382e-07	1.50674760342	0.768916368484	0.0	23.8880443573
20130214	0.0	16382.0	0.0	1481.0	0.000675219460391	0.000675219460391	0.0	0.0	3.23592416862e-07	1.47873055935	0.762630701065	0.0	23.8829898834
20130215	0.0	16281.0	0.0	1482.0	0.000674763810821	0.0	0.0	0.0	2.50742402841e-07	1.55263149738	0.665361464024	0.0	24.5303268433
20130216	0.0	16256.0	0.0	1484.0	0.000673854432534	0.000673854432534	0.0	0.0	1.83932684195e-07	1.46967661381	0.691792070866	0.0	24.2940788269
20130217	0.0	19901.0	0.0	1485.0	0.00067340064561	0.00067340064561	0.0	0.0	1.55208567776e-07	1.50841748714	0.616240620613	0.0	25.3676967621
20130218	0.0	19733.0	0.0	1488.0	0.000672043010127	0.000672043010127	0.0	0.0	1.09969576556e-07	1.875	0.69334423542	0.0	23.9681968689
20130219	0.0	19356.0	0.0	1485.0	0.00067340064561	0.00067340064561	0.0	0.0	1.27301262864e-07	1.83501684666	0.687444508076	0.0	24.27784729
20130220	0.0	19109.0	0.0	1483.0	0.000674308859743	0.000674308859743	0.0	0.0	9.30025194634e-08	1.80579912663	0.687747597694	0.0	24.6200656891
20130221	0.0	18982.0	0.0	1483.0	0.000674308859743	0.000674308859743	0.0	0.0	1.71368000679e-07	1.76062035561	0.631035745144	0.0	24.3595848083
20130222	0.0	22649.0	0.0	1479.0	0.00067613250576	0.00067613250576	0.0	0.0	1.34125230034e-07	1.74712646008	0.630809605122	0.0	24.3917102814
20130223	0.0	22213.0	0.0	1481.0	0.000675219460391	0.000675219460391	0.0	0.0	3.44787821405e-07	2.0391626358	0.664792001247	0.0	24.8380889893
20130224	0.0	21888.0	0.0	1480.0	0.000675675692037	0.000675675692037	0.0	0.0	2.63210125695e-07	2.09189200401	0.680024802685	0.0	24.6718025208
20130225	0.0	21550.0	0.0	1481.0	0.000675219460391	0.000675219460391	0.0	0.0	7.45590284623e-07	1.96218776703	0.659970939159	0.0	25.1044120789
20130226	0.0	21236.0	0.0	1481.0	0.000675219460391	0.000675219460391	0.0	0.0	5.45459840851e-07	1.96826469898	0.674422740936	0.0	24.7917938232
20130227	0.0	21142.0	0.0	1480.0	0.000675675692037	0.000675675692037	0.0	0.0	1.66810900737e-06	1.91148650646	0.702283620834	0.0	24.5968418121
20130228	0.0	21538.0	0.0	1480.0	0.000675675692037	0.000675675692037	0.0	0.0	1.26711859139e-06	1.96013510227	0.656298339367	0.0	24.9902706146
20130301	0.0	21338.0	0.0	1481.0	0.000675219460391	0.000675219460391	0.0	0.0	3.33323146151e-06	1.94260632992	0.678831994534	0.0	24.0096092224
20130302	0.0	24921.0	0.0	1482.0	0.000674763810821	0.0	0.0	0.0	2.67101972895e-06	1.91497969627	0.707785010338	300.0	23.2190437317
20130303	0.0	24280.0	0.0	1481.0	0.000675219460391	0.000675219460391	0.0	0.0	4.84339398099e-06	2.333558321	0.66704416275	0.0	23.450258255
20130304	0.0	23703.0	0.0	1479.0	0.00067613250576	0.0	0.0	0.0	3.62897480954e-06	2.19878292084	0.646630525589	0.0	23.745672226
20130305	0.0	23450.0	0.0	1478.0	0.000676589959767	0.0	0.0	0.0	4.85486589241e-06	2.14817333221	0.693412840366	0.0	23.9825801849
20130306	0.0	23839.0	0.0	1480.0	0.000675675692037	0.000675675692037	0.0	0.0	3.56520445166e-06	2.19662165642	0.638443291187	0.0	24.3204231262
20130307	0.0	23453.0	0.0	1481.0	0.000675219460391	0.000675219460391	0.0	0.0	4.37197604697e-06	2.22754907608	0.63048428297	0.0	23.9607696533
20130308	0.0	18865.0	0.0	1482.0	0.000674763810821	0.0	0.0	0.0	3.3338906178e-06	2.08704447746	0.602299511433	0.0	23.1372451782
20130309	0.0	19173.0	0.0	1483.0	0.000674308859743	0.000674308859743	0.0	0.0	4.24445624958e-06	1.70869851112	0.584980726242	0.0	23.4580116272
20130310	0.0	19354.0	0.0	1483.0	0.000674308859743	0.0	0.0	0.0	3.23546146319e-06	1.79501008987	0.568125009537	0.0	23.8875370026
20130311	0.0	19572.0	0.0	1487.0	0.00134498986881	0.000672494934406	0.0	0.0	4.00550698032e-06	1.80564892292	0.591963708401	0.0	23.7492103577
20130312	0.0	20350.0	0.0	1483.0	0.000674308859743	0.0	0.0	0.0	2.94689721159e-06	1.83007419109	0.609924972057	0.0	24.4830875397
20130313	0.0	20349.0	0.0	1482.0	0.000674763810821	0.000674763810821	0.0	0.0	2.98130316878e-06	1.81511473656	0.615062892437	0.0	24.2336769104
20130314	0.0	20474.0	0.0	1479.0	0.00067613250576	0.0	0.0	0.0	2.26471593123e-06	1.85530757904	0.631919026375	0.0	23.4858570099
20130315	0.0	20569.0	0.0	1478.0	0.000676589959767	0.0	0.0	0.0	2.42539249484e-06	1.87821388245	0.61257904768	0.0	24.7039222717
20130316	0.0	20498.0	0.0	1476.0	0.000677506788634	0.0	0.0	0.0	1.84164616712e-06	1.88685631752	0.635306298733	0.0	24.6147994995
20130317	0.0	20593.0	0.0	1477.0	0.000677048054058	0.0	0.0	0.0	2.78947345578e-06	1.80636417866	0.667495429516	0.0	24.7099113464
20130318	0.0	20564.0	0.0	1478.0	0.000676589959767	0.0	0.0	0.0	2.11367023439e-06	1.91001355648	0.660138428211	0.0	25.3862037659
20130319	0.0	20558.0	0.0	1476.0	0.000677506788634	0.0	0.0	0.0	2.84635211756e-06	1.90921401978	0.667003571987	0.0	25.6557025909
20130320	0.0	21181.0	0.0	1478.0	0.000676589959767	0.0	0.0	0.0	2.15602335629e-06	1.94654929638	0.719290912151	0.0	25.1667022705
20130321	0.0	21103.0	0.0	1473.0	0.000678886601236	0.0	0.0	0.0	2.43991235038e-06	1.95926690102	0.659063994884	0.0	26.8929214478
20130322	0.0	22493.0	0.0	1476.0	0.000677506788634	0.0	0.0	0.0	1.84582563634e-06	1.89972901344	0.663825035095	0.0	26.264623642
20130323	0.0	26847.0	0.0	1476.0	0.000677506788634	0.0	0.0	0.0	1.64715959272e-06	2.08333349228	0.665752530098	0.0	25.835975647
20130324	0.0	26310.0	0.0	1476.0	0.000677506788634	0.0	0.0	0.0	1.24880989461e-06	2.51016259193	0.667903423309	0.0	26.1801013947
20130325	0.0	24976.0	0.0	1476.0	0.000677506788634	0.0	0.0	0.0	9.88980218608e-07	2.43089437485	0.681059598923	0.0	26.1225624084
20130326	0.0	24640.0	0.0	1478.0	0.000676589959767	0.0	0.0	0.0	7.49014589019e-07	2.29025697708	0.730718970299	0.0	23.8490638733
20130327	0.0	29064.0	0.0	1479.0	0.00067613250576	0.0	0.0	0.0	5.7298603906e-07	2.2366464138	0.728057444096	0.0	22.6623191833
20130328	0.0	28293.0	0.0	1479.0	0.00067613250576	0.0	0.0	0.0	4.34462691601e-07	2.63691687584	0.651183247566	0.0	23.7179145813
20130329	0.0	27742.0	0.0	1480.0	0.000675675692037	0.0	0.0	0.0	3.29744011651e-07	2.6824324131	0.706450819969	0.0	24.0674419403
20130330	0.0	22481.0	0.0	1478.0	0.000676589959767	0.0	0.0	0.0	2.50359079246e-07	2.5087954998	0.73143696785	0.0	24.3679275513
20130331	0.0	22492.0	0.0	1477.0	0.000677048054058	0.0	0.0	0.0	1.89918594629e-07	2.09004735947	0.677022635937	0.0	26.3575611115
20130401	0.0	27328.0	0.0	1477.0	0.000677048054058	0.0	0.0	0.0	1.4391696368e-07	2.02572774887	0.726021230221	0.0	25.5369491577
20130402	0.0	27011.0	0.0	1478.0	0.000676589959767	0.0	0.0	0.0	1.08945869215e-07	2.53450608253	0.663341343403	0.0	26.3411254883
20130403	0.0	26628.0	0.0	1478.0	0.000676589959767	0.0	0.0	0.0	8.25924928449e-08	2.49391078949	0.679634988308	0.0	25.9936485291
20130404	0.0	26273.0	0.0	1479.0	0.00067613250576	0.0	0.0	0.0	6.25158165235e-08	2.53414463997	0.699563860893	0.0	25.8786296844
20130405	0.0	26111.0	0.0	1478.0	0.000676589959767	0.0	0.0	0.0	4.73805741308e-08	2.4269285202	0.697041928768	0.0	26.1659603119
20130406	0.0	25944.0	0.0	1478.0	0.000676589959767	0.0	0.0	0.0	3.58984735271e-08	2.43910694122	0.693001508713	0.0	26.1048107147
20130407	0.0	26130.0	0.0	1479.0	0.00067613250576	0.0	0.0	0.0	2.71873208391e-08	2.29817438126	0.687372624874	0.0	25.8170681
20130408	0.0	27055.0	0.0	1479.0	0.00067613250576	0.0	0.0	0.0	2.07087555992e-08	2.46585536003	0.681893408298	0.0	25.7702140808
20130409	0.0	26873.0	0.0	1477.0	0.000677048054058	0.0	0.0	0.0	1.57043800186e-08	2.41909265518	0.665289223194	0.0	25.6634464264
20130410	0.0	26472.0	0.0	1476.0	0.000677506788634	0.0	0.0	0.0	1.20374732404e-08	2.44647693634	0.667651116848	0.0	25.5226287842
20130411	0.0	26398.0	0.0	1473.0	0.000678886601236	0.0	0.0	0.0	9.10896247319e-09	2.53971481323	0.67009973526	0.0	26.0620937347
20130412	0.0	27341.0	0.0	1475.0	0.000677966105286	0.0	0.0	0.0	7.28863946975e-09	2.48881363869	0.683362483978	0.0	26.340013504
20130413	0.0	27252.0	0.0	1475.0	0.000677966105286	0.0	0.0	0.0	5.50525891541e-09	2.47254252434	0.696743130684	0.0	26.0202598572
20130414	0.0	31622.0	0.0	1475.0	0.000677966105286	0.0	0.0	0.0	5.07147923656e-09	2.54169487953	0.676446378231	0.0	26.0757369995
20130415	0.0	31063.0	0.0	1477.0	0.000677048054058	0.0	0.0	0.0	3.84387188745e-09	2.88761019707	0.64650118351	0.0	25.8313426971
20130416	0.0	31661.0	0.0	1478.0	0.000676589959767	0.0	0.0	0.0	4.97509189401e-09	2.91677951813	0.71021258831	0.0	24.8838634491
20130417	0.0	31149.0	0.0	1478.0	0.000676589959767	0.000676589959767	0.0	0.0	3.74255471058e-09	2.96143436432	0.676969707012	0.0	25.3218326569
20130418	0.0	30784.0	0.0	1479.0	0.00067613250576	0.0	0.0	0.0	7.46967110388e-09	2.90398931503	0.66586369276	0.0	25.5133266449
20130419	0.0	30618.0	0.0	1480.0	0.000675675692037	0.0	0.0	0.0	5.55847190498e-09	2.83108091354	0.701561808586	0.0	24.9824504852
20130420	0.0	30232.0	0.0	1483.0	0.000674308859743	0.000674308859743	0.0	0.0	1.43671599062e-08	2.77140927315	0.625511407852	0.0	25.0129699707
20130421	0.0	29946.0	0.0	1482.0	0.000674763810821	0.0	0.0	0.0	1.04628217201e-08	2.87584352493	0.651991009712	0.0	25.2468986511
20130422	0.0	24200.0	0.0	1483.0	0.000674308859743	0.000674308859743	0.0	0.0	3.00286266963e-08	2.7491569519	0.699732661247	121.347961426	25.285118103
20130423	0.0	24836.0	0.0	1484.0	0.000673854432534	0.0	0.0	0.0	2.27527774399e-08	2.22506737709	0.694052875042	0.0	25.5797634125
20130424	0.0	25148.0	0.0	1482.0	0.000674763810821	0.000674763810821	0.0	0.0	6.93716586397e-08	2.33265852928	0.660330235958	0.0	25.3125228882
20130425	0.0	25378.0	0.0	1479.0	0.00067613250576	0.0	0.0	0.0	5.29313517461e-08	2.35835027695	0.649893045425	0.0	24.6699237823
20130426	0.0	25427.0	0.0	1476.0	0.000677506788634	0.000677506788634	0.0	0.0	1.67894000924e-07	2.2804877758	0.680846869946	0.0	25.5351486206
20130427	0.0	25516.0	0.0	1475.0	0.000677966105286	0.0	0.0	0.0	1.28169190816e-07	2.30508470535	0.672057926655	0.0	25.1052360535
20130428	0.0	25662.0	0.0	1477.0	0.000677048054058	0.000677048054058	0.0	0.0	3.8258923496e-07	2.36018967628	0.700018644333	0.0	25.2419662476
20130429	0.0	25854.0	0.0	1477.0	0.000677048054058	0.0	0.0	0.0	2.89945148779e-07	2.43669605255	0.71832638979	0.0	25.6211223602
20130430	0.0	26669.0	0.0	1476.0	0.000677506788634	0.0	0.0	0.0	8.67094911428e-07	2.38888883591	0.76714360714	0.0	25.0473480225
20130501	0.0	26601.0	0.0	1477.0	0.000677048054058	0.0	0.0	0.0	6.56619079109e-07	2.51252532005	0.782019853592	0.0	25.0205440521
20130502	0.0	26811.0	0.0	1479.0	0.00067613250576	0.0	0.0	0.0	1.85200485703e-06	2.49357676506	0.758920013905	0.0	25.587802887
20130503	0.0	26861.0	0.0	1479.0	0.00067613250576	0.0	0.0	0.0	1.40333293075e-06	2.39756584167	0.751771748066	0.0	25.6762733459
20130504	0.0	27006.0	0.0	1479.0	0.00067613250576	0.0	0.0	0.0	2.13194903154e-06	2.42123055458	0.771963894367	0.0	25.3465881348
20130505	0.0	27053.0	0.0	1477.0	0.000677048054058	0.0	0.0	0.0	1.61836544521e-06	2.51523351669	0.814186394215	0.0	25.1381187439
20130506	0.0	27032.0	0.0	1475.0	0.000677966105286	0.0	0.0	0.0	1.89657146166e-06	2.56813549995	0.815992534161	0.0	25.0863819122
20130507	0.0	26884.0	0.0	1481.0	0.000675219460391	0.0	0.0	0.0	1.43218062476e-06	2.49763655663	0.794178962708	0.0	23.7783660889
20130508	0.0	25499.0	0.0	1482.0	0.000674763810821	0.0	0.0	0.0	1.28098292862e-06	2.52361679077	0.816650986671	0.0	24.531414032
20130509	0.0	25619.0	0.0	1481.0	0.000675219460391	0.0	0.0	0.0	9.71959821072e-07	2.34638738632	0.777116417885	0.0	24.3503627777
20130510	0.0	26429.0	0.0	1479.0	0.00135226501152	0.0	0.0	0.0	0.000484250980662	2.42258286476	0.724084675312	0.0	24.4575595856
20130511	0.0	26383.0	0.0	1476.0	0.00135501357727	0.000677506788634	0.0	0.0	0.000450972089311	2.48983740807	0.733179569244	0.0	25.0448074341
20130512	0.0	21366.0	0.0	1475.0	0.00135593221057	0.000677966105286	0.0	0.0	0.000363315892173	2.49627113342	0.79595386982	98.2005844116	24.5925655365
20130513	0.0	26922.0	0.0	1476.0	0.00135501357727	0.000677506788634	0.0	0.0	0.000302286585793	1.95054209232	0.814848124981	0.0	23.9731693268
20130514	0.0	21726.0	0.0	1476.0	0.00135501357727	0.000677506788634	0.0	0.0	0.000243009038968	2.53658533096	0.777570962906	0.0	24.7369594574
20130515	0.0	22125.0	0.0	1475.0	0.00135593221057	0.000677966105286	0.0	0.0	0.000203712872462	1.98508477211	0.772371590137	0.0	25.1932487488
20130516	0.0	22524.0	0.0	1476.0	0.000677506788634	0.0	0.0	0.0	1.48093164398e-07	2.11111116409	0.776437044144	0.0	25.0914783478
20130517	0.0	22854.0	0.0	1473.0	0.000678886601236	0.0	0.0	0.0	1.12527558827e-07	2.09775972366	0.770562648773	0.0	24.6794109344
20130518	0.0	23096.0	0.0	1473.0	0.000678886601236	0.0	0.0	0.0	8.54157988783e-08	2.14120841026	0.783278405666	0.0	24.9575424194
20130519	0.0	23225.0	0.0	1476.0	0.0	0.0	0.0	0.0	6.45877236138e-08	2.13821125031	0.761705040932	150.0	24.3916931152
20130520	0.0	23565.0	0.0	1478.0	0.0	0.0	0.0	0.0	4.88992952796e-08	2.17253041267	0.828408420086	150.0	24.1560821533
20130521	0.0	23657.0	0.0	1474.0	0.0	0.0	0.0	0.0	3.72066359944e-08	2.19674348831	0.81250166893	150.0	24.1312885284
20130522	0.0	23830.0	0.0	1475.0	0.0	0.0	0.0	0.0	2.81327832141e-08	2.24949145317	0.801387667656	0.0	24.5084648132
20130523	0.0	23799.0	0.0	1476.0	0.0	0.0	0.0	0.0	2.12730597582e-08	2.23848223686	0.8100284338	0.0	24.8930263519
20130524	0.0	23676.0	0.0	1477.0	0.0	0.0	0.0	0.0	1.60478279554e-08	2.20243740082	0.830127120018	0.0	24.3867912292
20130525	0.0	23498.0	0.0	1479.0	0.0	0.0	0.0	0.0	1.21102017303e-08	2.14063549042	0.82138979435	0.0	24.2771186829
20130526	0.0	23548.0	0.0	1479.0	0.0	0.0	0.0	0.0	9.16281717167e-09	2.14672064781	0.877705395222	0.0	23.3745956421
20130527	4.22119046561e-05	23690.0	0.0	1478.0	0.0	0.0	0.0	0.0	6.95720814292e-09	2.10419487953	0.840560913086	0.0	24.2223052979
20130528	4.2091083742e-05	23758.0	0.0	1483.0	0.0	0.0	0.0	0.0	5.26177768023e-09	2.20431566238	0.851822078228	0.0	24.0907688141
20130529	4.36452501162e-05	22912.0	0.0	1480.0	0.0	0.0	0.0	0.0	3.96763821797e-09	2.18378376961	0.841098606586	0.0	24.6597576141
20130530	4.17083756474e-05	23976.0	0.0	1480.0	0.0	0.0	0.0	0.0	3.00128277786e-09	2.09797310829	0.804704725742	0.0	25.1430587769
20130531	4.27441773354e-05	23395.0	0.0	1481.0	0.0	0.0	0.0	0.0	2.26006302562e-09	2.17218089104	0.806930422783	0.0	24.5568275452
20130601	0.0	23375.0	0.0	1480.0	0.0	0.0	0.0	0.0	1.70799863142e-09	2.12837839127	0.811526358128	0.0	25.0424480438
20130602	0.0	23398.0	0.0	1483.0	0.0	0.0	0.0	0.0	1.28454991088e-09	2.1901550293	0.798407137394	271.347961426	25.5956382751
20130603	0.0	23473.0	0.0	1484.0	0.0	0.0	0.0	0.0	9.65282187515e-10	2.16037750244	0.837339818478	150.0	24.9067173004
20130604	0.0	23553.0	0.0	1483.0	0.0	0.0	0.0	0.0	7.3893935415e-10	2.21982455254	0.801951467991	60.6626701355	25.6017475128
20130605	0.0	23546.0	0.0	1479.0	0.0	0.0	0.0	0.0	5.60449853193e-10	2.20892500877	0.775246918201	0.0	25.2050876617
20130606	0.0	23574.0	0.0	1477.0	0.0	0.0	0.0	0.0	4.28798607732e-10	2.18144893646	0.752169191837	150.0	25.3173522949
20130607	0.0	24343.0	0.0	1479.0	0.0	0.0	0.0	0.0	3.34502869848e-10	2.18458414078	0.805530130863	0.0	24.5318622589
20130608	0.0	25211.0	0.0	1483.0	0.0	0.0	0.0	0.0	2.49084891601e-10	2.2643289566	0.812821865082	0.0	24.6089019775
20130609	0.0	25806.0	0.0	1486.0	0.0	0.0	0.0	0.0	1.87848472888e-10	2.33378195763	0.85988932848	0.0	24.2135276794
20130610	0.0	25731.0	0.0	1484.0	0.0	0.0	0.0	0.0	1.4240221502e-10	2.34973049164	0.84570646286	0.0	24.7471675873
20130611	0.0	25311.0	0.0	1486.0	0.0	0.0	0.0	0.0	1.05477383772e-10	2.33243608475	0.808590888977	0.0	25.5778369904
20130612	0.0	25071.0	0.0	1484.0	0.0	0.0	0.0	0.0	7.73613881289e-11	2.28167104721	0.8424269557	0.0	25.2217636108
20130613	0.0	24987.0	0.0	1482.0	0.0	0.0	0.0	0.0	5.65386626405e-11	2.34952783585	0.855746507645	0.0	25.3630390167
20130614	0.0	24822.0	0.0	1485.0	0.0	0.0	0.0	0.0	4.7139715742e-11	2.31178450584	0.837306201458	51.7994155884	25.5414180756
20130615	0.0	24610.0	0.0	1484.0	0.0	0.0	0.0	0.0	3.86573828504e-11	2.28369283676	0.795217752457	18.757648468	25.3926525116
20130616	0.0	29714.0	0.0	1481.0	0.0	0.0	0.0	0.0	3.05950473289e-11	2.25050640106	0.753197610378	41.9050216675	25.6761016846
20130617	0.0	29146.0	0.0	1484.0	0.0	0.0	0.0	0.0	2.31851118165e-11	2.71563339233	0.778256714344	150.0	25.2257728577
20130618	0.0	28754.0	0.0	1482.0	0.0	0.0	0.0	0.0	1.93431156509e-11	2.73954105377	0.87711161375	0.0442191772163	23.2618846893
20130619	0.0	28328.0	0.0	1485.0	0.0	0.0	0.0	0.0	1.35101140344e-11	2.5986533165	0.801730751991	0.0	24.2246570587
20130620	0.0	29744.0	0.0	1484.0	0.0	0.0	0.0	0.0	1.08132036311e-11	2.52762794495	0.701354682446	140.105606079	25.2342987061
20130621	0.0	23951.0	0.0	1484.0	0.0	0.0	0.0	0.0	8.10827533587e-12	2.76617240906	0.733283996582	150.0	25.1468982697
20130622	0.0	24892.0	0.0	1489.0	0.0	0.0	0.0	0.0	6.54048820312e-12	2.19677639008	0.785980224609	0.0	24.6585445404
20130623	0.0	25176.0	0.0	1490.0	0.0	0.0	0.0	0.0	4.99719059535e-12	2.34563755989	0.795225322247	150.0	25.0991096497
20130624	0.0	25149.0	0.0	1488.0	0.0	0.0	0.0	0.0	3.07871002997e-12	2.28629016876	0.826591014862	131.242355347	24.4273490906
20130625	0.0	25916.0	0.0	1488.0	0.0	0.0	0.0	0.0	2.69333101828e-12	2.34946227074	0.880731105804	0.0	23.7231674194
20130626	0.0	25939.0	0.0	1491.0	0.0	0.0	0.0	0.0	2.30346254224e-12	2.415828228	0.851095020771	0.0	24.4709911346
20130627	0.0	25821.0	0.0	1493.0	0.0	0.0	0.0	0.0	1.53327708603e-12	2.3898191452	0.786568045616	0.0	25.2270488739
20130628	0.0	25630.0	0.0	1491.0	0.0	0.0	0.0	0.0	1.15126950941e-12	2.36418509483	0.768793523312	1.10545190779e-08	25.2209472656
20130629	0.0	25468.0	0.0	1490.0	0.0	0.0	0.0	0.0	7.67874262439e-13	2.37248325348	0.851827740669	121.347961426	24.1143436432
20130630	0.0	25198.0	0.0	1490.0	0.0	0.0	0.0	0.0	3.83860207075e-13	2.32147669792	0.842447519302	0.0	24.2329902649
20130701	0.0	25082.0	0.0	1490.0	0.0	0.0	0.0	0.0	0.0	2.28859066963	0.802741289139	0.0	23.9699745178
20130702	0.0	24867.0	0.0	1488.0	0.0	0.0	0.0	0.0	0.0	2.24932813644	0.794912755489	300.0	24.9559764862
20130703	0.0	26254.0	0.0	1488.0	0.0	0.0	0.0	0.0	0.0	2.2654569149	0.795003354549	0.0	25.0005435944
20130704	0.0	26180.0	0.0	1490.0	0.0	0.0	0.0	0.0	0.0	2.33624172211	0.737633407116	70.5570678711	25.1528759003
20130705	0.0	26199.0	0.0	1491.0	0.0	0.0	0.0	0.0	0.0	2.39503693581	0.770863115788	150.0	24.6883792877
20130706	0.0	26820.0	0.0	1490.0	0.0	0.0	0.0	0.0	0.0	2.41342282295	0.845623135567	0.0	25.0255756378
20130707	0.0	26846.0	0.0	1491.0	0.0	0.0	0.0	0.0	0.0	2.49631118774	0.80714225769	0.0	25.3458862305
20130708	0.0	25491.0	0.0	1490.0	0.0	0.0	0.0	0.0	0.0	2.46979856491	0.90637409687	150.0	22.9568653107
20130709	0.0	26179.0	0.0	1491.0	0.0	0.0	0.0	0.0	0.0	2.34540581703	0.906628251076	0.0	23.6882972717
20130710	0.0	26764.0	0.0	1491.0	0.0	0.0	0.0	0.0	0.0	2.47820234299	0.79287570715	0.0	25.2793121338
20130711	0.0	26667.0	0.0	1490.0	0.0	0.0	0.0	0.0	0.0	2.46979880333	0.769462406635	0.0	25.0270900726
20130712	0.0	27282.0	0.0	1490.0	0.0	0.0	0.0	0.0	0.0	2.45503354073	0.733868122101	121.347961426	24.7794265747
20130713	0.0	27748.0	0.0	1494.0	0.0	0.0	0.0	0.0	0.0	2.50803208351	0.827695250511	98.2005844116	24.7191486359
20130714	0.0	27553.0	0.0	1490.0	0.0	0.0	0.0	0.0	0.0	2.53691291809	0.819267094135	0.0	25.4423561096
20130715	0.0	27176.0	0.0	1487.0	0.0	0.0	0.0	0.0	0.0	2.53463363647	0.826875150204	41.9050216675	25.5534954071
20130716	0.0	26709.0	0.0	1489.0	0.0	0.0	0.0	0.0	0.0	2.44526529312	0.820548474789	41.9050216675	25.4129810333
20130717	0.0	26355.0	0.0	1489.0	0.0	0.0	0.0	0.0	0.0	2.45668244362	0.826876997948	79.4429321289	25.449678421
20130718	0.0	26826.0	0.0	1490.0	0.0	0.0	0.0	0.0	0.0	2.40738248825	0.780515670776	201.799407959	25.809879303
20130719	0.0	26657.0	0.0	1492.0	0.0	0.0	0.0	0.0	0.0	2.47989273071	0.776744008064	0.0	25.4735527039
20130720	0.0	26561.0	0.0	1489.0	0.0	0.0	0.0	0.0	0.0	2.34922766685	0.740993022919	0.0	25.9580478668
20130721	0.0	27918.0	0.0	1495.0	0.0	0.0	0.0	0.0	0.0	2.42140460014	0.78067034483	121.347961426	26.3818759918
20130722	0.0	33433.0	0.0	1498.0	0.0	0.0	0.0	0.0	0.0	2.51201605797	0.737871229649	0.0	26.9367294312
20130723	0.0	33407.0	0.0	1494.0	0.0	0.0	0.0	0.0	0.0	2.97456502914	0.785371541977	0.0	26.3344669342
20130724	0.0	32451.0	0.0	1493.0	0.0	0.0	0.0	0.0	0.0	3.0730073452	0.774259805679	200.790893555	25.78099823
20130725	0.0	31914.0	0.0	1493.0	0.0	0.0	0.0	0.0	0.0	2.96784996986	0.744920730591	0.0	26.2003898621
20130726	0.0	32550.0	0.0	1492.0	0.0	0.0	0.0	0.0	0.0	2.89343166351	0.81242865324	0.0	25.5484485626
20130727	0.0	32145.0	0.0	1492.0	0.0	0.0	0.0	0.0	0.0	2.94369959831	0.768249094486	0.0	25.9261703491
20130728	0.0	38041.0	0.0	1493.0	0.0	0.0	0.0	0.0	0.0	2.95378422737	0.767979621887	0.0	25.9671516418
20130729	0.0	37382.0	0.0	1490.0	0.0	0.0	0.0	0.0	0.0	3.51946306229	0.746790289879	0.0	26.0631217957
20130730	0.0	37083.0	0.0	1487.0	0.0	0.0	0.0	0.0	0.0	3.42501688004	0.776185691357	0.0	25.6090526581
20130731	0.0	36284.0	0.0	1489.0	0.0	0.0	0.0	0.0	0.0	3.49093341827	0.773754537106	0.0	26.2341308594
20130801	0.0	35754.0	0.0	1491.0	0.0	0.0	0.0	0.0	0.0	3.32930922508	0.740928709507	0.0	26.8177318573
20130802	0.0	35456.0	0.0	1496.0	0.0	0.0	0.0	0.0	0.0	3.2633690834	0.753124296665	0.0	26.7795162201
20130803	0.0	35286.0	0.0	1496.0	0.0	0.0	0.0	0.0	0.0	3.17312836647	0.723768532276	300.0	26.5318756104
20130804	0.0	35988.0	0.0	1499.0	0.0	0.0	0.0	0.0	0.0	3.21414279938	0.740524530411	0.0	26.2542629242
20130805	0.0	35509.0	0.0	1497.0	0.0	0.0	0.0	0.0	0.0	3.31329321861	0.74808961153	0.0	25.6528148651
20130806	0.0	35838.0	0.0	1498.0	0.0	0.0	0.0	0.0	0.0	3.28304409981	0.808859288692	158.885864258	25.343706131
20130807	0.0	36284.0	0.0	1495.0	0.0	0.0	0.0	0.0	0.0	3.30969882011	0.79630947113	0.0	25.5661907196
20130808	0.0	35463.0	0.0	1494.0	0.0	0.0	0.0	0.0	0.0	3.33534121513	0.820967376232	262.484710693	25.1953792572
20130809	0.0	34770.0	0.0	1495.0	0.0	0.0	0.0	0.0	0.0	3.24816060066	0.780580937862	300.0	25.3878383636
20130810	0.0	35921.0	0.0	1493.0	0.0	0.0	0.0	0.0	0.0	3.18620228767	0.804114937782	0.0	24.3806877136
20130811	0.0	35185.0	0.0	1494.0	0.0	0.0	0.0	0.0	0.0	3.34136533737	0.804339408875	158.885864258	25.2979221344
20130812	0.0	36354.0	0.0	1494.0	0.0	0.0	0.0	0.0	0.0	3.21485948563	0.840340316296	57.3040847778	25.4624042511
20130813	0.0	35872.0	0.0	1493.0	0.0	0.0	0.0	0.0	0.0	3.30073666573	0.778224408627	0.0	26.2366371155
20130814	0.0	35248.0	0.0	1494.0	0.0	0.0	0.0	0.0	0.0	3.20080304146	0.766474843025	0.0	25.607301712
20130815	0.0	34959.0	0.0	1495.0	0.0	0.0	0.0	0.0	0.0	3.20936465263	0.788402795792	0.0	25.819185257
20130816	0.0	34422.0	0.0	1489.0	0.0	0.0	0.0	0.0	0.0	3.09603762627	0.81714963913	300.0	25.328458786
20130817	0.0	34055.0	0.0	1491.0	0.0	0.0	0.0	0.0	0.0	3.18376922607	0.763881266117	0.0	25.7795352936
20130818	0.0	27431.0	0.0	1491.0	0.0	0.0	0.0	0.0	0.0	3.12206578255	0.819351732731	300.0	25.010635376
20130819	0.0	27865.0	0.0	1492.0	0.0	0.0	0.0	0.0	0.0	2.49865937233	0.84501516819	0.0	24.7248802185
20130820	0.0	28328.0	0.0	1491.0	0.0	0.0	0.0	0.0	0.0	2.54862499237	0.841380298138	300.0	24.5713272095
20130821	0.0	30294.0	0.0	1491.0	0.0	0.0	0.0	0.0	0.0	2.60496306419	0.796635627747	0.0	25.6317996979
20130822	0.0	30329.0	0.0	1493.0	0.0	0.0	0.0	0.0	0.0	2.77896857262	0.831292271614	0.0	25.2385520935
20130823	0.0	30416.0	0.0	1496.0	0.0	0.0	0.0	0.0	0.0	2.79946517944	0.740155696869	300.0	26.0883255005
20130824	0.0	31054.0	0.0	1493.0	0.0	0.0	0.0	0.0	0.0	2.75887465477	0.759696185589	70.5570678711	25.5848960876
20130825	0.0	30963.0	0.0	1492.0	0.0	0.0	0.0	0.0	0.0	2.77882051468	0.841667175293	0.0	25.557264328
20130826	0.0	32502.0	0.0	1491.0	0.0	0.0	0.0	0.0	0.0	2.83970499039	0.809095621109	300.0	25.5192127228
20130827	0.0	33764.0	0.0	1492.0	0.0	0.0	0.0	0.0	0.0	2.94571042061	0.802901625633	57.3040847778	25.5145778656
20130828	0.0	33417.0	0.0	1492.0	0.0	0.0	0.0	0.0	0.0	3.11058974266	0.842038691044	300.0	25.4243087769
20130829	0.0	33927.0	0.0	1494.0	0.0	0.0	0.0	0.0	0.0	2.94109773636	0.832937240601	103.598831177	25.4821834564
20130830	0.0	33889.0	0.0	1494.0	0.0	0.0	0.0	0.0	0.0	3.11981248856	0.824061274529	57.3040847778	25.298116684
20130831	0.0	33428.0	0.0	1496.0	0.0	0.0	0.0	0.0	0.0	3.11096262932	0.820299327374	300.0	24.9044151306
20130901	0.0	32848.0	0.0	1494.0	0.0	0.0	0.0	0.0	0.0	3.03882193565	0.822214126587	141.114135742	24.6417865753
20130902	0.0	32184.0	0.0	1495.0	0.0	0.0	0.0	0.0	0.0	2.96053504944	0.813616812229	300.0	25.185798645
20130903	0.0	32528.0	0.0	1498.0	0.0	0.0	0.0	0.0	0.0	2.99132180214	0.868899643421	300.0	24.9651966095
20130904	0.0	32061.0	0.0	1499.0	0.0	0.0	0.0	0.0	0.0	2.95063376427	0.913677692413	0.0	24.46210289
20130905	0.0	33531.0	0.0	1499.0	0.0	0.0	0.0	0.0	0.0	2.97665119171	0.900954663754	0.0	24.5305538177
20130906	0.0	33389.0	0.0	1498.0	0.0	0.0	0.0	0.0	0.0	3.10413885117	0.892085552216	0.0	23.7178726196
20130907	0.0	34687.0	0.0	1496.0	0.0	0.0	0.0	0.0	0.0	3.06885027885	0.863937079906	0.0	23.8652801514
20130908	0.0	33761.0	0.0	1497.0	0.0	0.0	0.0	0.0	0.0	3.11088848114	0.833260297775	0.0	24.9676265717
20130909	0.0	33361.0	0.0	1496.0	0.0	0.0	0.0	0.0	0.0	3.10762023926	0.799744486809	196.401168823	24.8076515198
20130910	0.0	26886.0	0.0	1500.0	0.0	0.0	0.0	0.0	0.0	3.08399987221	0.806898057461	0.0	25.1082363129
20130911	0.0	28650.0	0.0	1501.0	0.0	0.0	0.0	0.0	0.0	2.37375092506	0.805053114891	300.0	25.3394546509
20130912	0.0	29223.0	0.0	1500.0	0.0	0.0	0.0	0.0	0.0	2.68600010872	0.831542670727	83.810043335	24.9960727692
20130913	0.0	29388.0	0.0	1501.0	0.0	0.0	0.0	0.0	0.0	2.74217200279	0.844303846359	103.598831177	25.2957420349
20130914	0.0	30835.0	0.0	1501.0	0.0	0.0	0.0	0.0	0.0	2.7761490345	0.859144210815	300.0	25.4926319122
20130915	0.0	30936.0	0.0	1496.0	0.0	0.0	0.0	0.0	0.0	2.85227274895	0.848728477955	158.885864258	25.4254150391
20130916	0.0	32264.0	0.0	1497.0	0.0	0.0	0.0	0.0	0.0	2.75684714317	0.853114962578	0.0	25.484041214
20130917	0.0	32422.0	0.0	1499.0	0.0	0.0	0.0	0.0	0.0	2.91327548027	0.86361759901	300.0	25.256729126
20130918	0.0	32084.0	0.0	1498.0	0.0	0.0	0.0	0.0	0.0	2.95994663239	0.879519820213	280.211212158	24.9565811157
20130919	0.0	33093.0	0.0	1497.0	0.0	0.0	0.0	0.0	0.0	2.99465584755	0.874384224415	0.0	23.8761692047
20130920	0.0	33265.0	0.0	1498.0	0.0	0.0	0.0	0.0	0.0	2.98464608192	0.899503648281	0.0	24.8797931671
20130921	0.0	34136.0	0.0	1500.0	0.0	0.0	0.0	0.0	0.0	3.02399992943	0.85680025816	300.0	25.3806343079
20130922	0.0	35433.0	0.0	1499.0	0.0	0.0	0.0	0.0	0.0	3.14409589767	0.827364087105	0.0	25.9708347321
20130923	0.0	34751.0	0.0	1499.0	0.0	0.0	0.0	0.0	0.0	3.26751160622	0.820785403252	0.0	25.4829978943
20130924	0.0	41203.0	0.0	1498.0	0.0	0.0	0.0	0.0	0.0	3.15887856483	0.81788033247	0.0	25.3298187256
20130925	0.0	39867.0	0.0	1501.0	0.000666222535074	0.000666222535074	0.0	0.0	8.14610316979e-08	3.77681541443	0.828239738941	0.0	25.4117889404
20130926	0.0	37380.0	0.0	1503.0	0.0	0.0	0.0	0.0	0.0	3.61676645279	0.837034463882	280.211212158	25.4375019073
20130927	0.0	37817.0	0.0	1503.0	0.0	0.0	0.0	0.0	0.0	3.31004667282	0.865695416927	0.0	24.0947303772
20130928	0.0	36991.0	0.0	1502.0	0.0	0.0	0.0	0.0	0.0	3.39880156517	0.854995787144	57.3040847778	24.4949207306
20130929	0.0	37980.0	0.0	1501.0	0.0	0.0	0.0	0.0	0.0	3.37708187103	0.848691701889	158.885864258	25.3719711304
20130930	0.0	37983.0	0.0	1502.0	0.00066577893449	0.0	0.0	0.0	1.9494668777e-06	3.49866843224	0.828525185585	0.0	25.2324581146
20131001	0.0	37700.0	0.0	1503.0	0.00066533597419	0.0	0.0	0.0	1.47715718413e-06	3.41317367554	0.819071829319	0.0	25.2082004547
20131002	0.0	39088.0	0.0	1501.0	0.000666222535074	0.0	0.0	0.0	1.16387855087e-06	3.49566936493	0.838898003101	0.0	25.091173172
20131003	0.0	39052.0	0.0	1496.0	0.0	0.0	0.0	0.0	0.0	3.56216573715	0.865023255348	0.0	23.8972377777
20131004	0.0	38217.0	0.0	1501.0	0.0	0.0	0.0	0.0	0.0	3.56762170792	0.849220693111	300.0	24.690568924
20131005	0.0	30583.0	0.0	1502.0	0.0	0.0	0.0	0.0	0.0	3.43342208862	0.879773914814	0.0	24.2110519409
20131006	0.0	32636.0	0.0	1506.0	0.0	0.0	0.0	0.0	0.0	2.77290844917	0.863532185555	0.0	25.1233062744
20131007	0.0	33964.0	0.0	1503.0	0.0	0.0	0.0	0.0	0.0	2.96407175064	0.843087136745	0.0	25.5253200531
20131008	0.0	41318.0	0.0	1500.0	0.0	0.0	0.0	0.0	0.0	3.14466667175	0.860128819942	262.484710693	24.7688236237
20131009	0.0	41901.0	0.0	1501.0	0.0	0.0	0.0	0.0	0.0	3.69953370094	0.894286036491	242.695922852	24.0902748108
20131010	0.0	33796.0	0.0	1501.0	0.0	0.0	0.0	0.0	0.0	3.83411049843	0.85978102684	37.515296936	24.402507782
20131011	0.0	34601.0	0.0	1500.0	0.0	0.0	0.0	0.0	0.0	2.96533322334	0.822410941124	141.114135742	25.1640472412
20131012	0.0	33933.0	0.0	1502.0	0.0	0.0	0.0	0.0	0.0	3.14247655869	0.885110735893	300.0	23.9615879059
20131013	0.0	33254.0	0.0	1503.0	0.0	0.0	0.0	0.0	0.0	3.07584810257	0.875424146652	0.0	23.8936729431
20131014	0.0	33273.0	0.0	1497.0	0.0	0.0	0.0	0.0	0.0	3.0387442112	0.886683702469	300.0	23.4674797058
20131015	0.0	34389.0	0.0	1499.0	0.0	0.0	0.0	0.0	0.0	3.1067378521	0.872171759605	262.484710693	24.1204395294
20131016	0.0	34378.0	0.0	1499.0	0.0	0.0	0.0	0.0	0.0	3.20947289467	0.859936773777	0.0	24.2515983582
20131017	0.0	34338.0	0.0	1499.0	0.0	0.0	0.0	0.0	0.0	3.08539009094	0.812422394753	83.810043335	25.1172790527
20131018	0.0	34779.0	0.0	1501.0	0.0	0.0	0.0	0.0	0.0	3.1678879261	0.792812526226	0.0	25.5878639221
20131019	0.0	34394.0	0.0	1501.0	0.0	0.0	0.0	0.0	0.0	3.14257144928	0.80949306488	300.0	25.4081459045
20131020	0.0	33940.0	0.0	1502.0	0.0	0.0	0.0	0.0	0.0	3.12316894531	0.894910156727	0.0	24.233215332
20131021	0.0	33418.0	0.0	1501.0	0.0	0.0	0.0	0.0	0.0	3.08994007111	0.86841917038	300.0	23.9506702423
20131022	0.0	31870.0	0.0	1503.0	0.0	0.0	0.0	0.0	0.0	3.09048557281	0.926652133465	0.0	23.6151161194
20131023	0.0	33451.0	0.0	1504.0	0.0	0.0	0.0	0.0	0.0	2.81848406792	0.886103928089	0.0	24.5993022919
20131024	0.0	33413.0	0.0	1505.0	0.0	0.0	0.0	0.0	0.0	3.03920269012	0.829883098602	300.0	25.2789611816
20131025	0.0	34433.0	0.0	1503.0	0.0	0.0	0.0	0.0	0.0	3.02927494049	0.851288735867	0.0	24.7899055481
20131026	0.0	34191.0	0.0	1498.0	0.0	0.0	0.0	0.0	0.0	3.17356467247	0.821452796459	196.401168823	25.0123252869
20131027	0.0	33934.0	0.0	1498.0	0.0	0.0	0.0	0.0	0.0	3.15287041664	0.861213088036	0.0	24.7059192657
20131028	0.0	35075.0	0.0	1499.0	0.0	0.0	0.0	0.0	0.0	3.10073375702	0.876375675201	0.0	23.9478492737
20131029	0.0	34636.0	0.0	1497.0	0.0	0.0	0.0	0.0	0.0	3.15096855164	0.850057244301	0.0	24.0328769684
20131030	0.0	34704.0	0.0	1500.0	0.0	0.0	0.0	0.0	0.0	3.15400004387	0.877094864845	0.0	23.7325305939
20131031	0.0	35856.0	0.0	1502.0	0.0	0.0	0.0	0.0	0.0	3.17643141747	0.872964739799	300.0	24.1219139099
20131101	0.0	35390.0	0.0	1504.0	0.0	0.0	0.0	0.0	0.0	3.30984044075	0.921015501022	1.16622045354e-08	23.586730957
20131102	0.0	36697.0	0.0	1500.0	0.0	0.0	0.0	0.0	0.0	3.25	0.89273750782	19.7887878418	24.3214683533
20131103	0.0	37480.0	0.0	1501.0	0.0	0.0	0.0	0.0	0.0	3.2938041687	0.891212284565	300.0	24.1088199615
20131104	0.0	36750.0	0.0	1500.0	0.0	0.0	0.0	0.0	0.0	3.35400009155	0.875357627869	242.695922852	24.2789058685
20131105	0.0	36108.0	0.0	1499.0	0.0	0.0	0.0	0.0	0.0	3.3288860321	0.833926320076	0.0	24.7685165405
20131106	0.0	28880.0	0.0	1499.0	0.0	0.0	0.0	0.0	0.0	3.21214127541	0.850406765938	0.0	24.5311508179
20131107	0.0	28763.0	0.0	1502.0	0.0	0.0	0.0	0.0	0.0	2.64580559731	0.836586177349	0.0	24.6580410004
20131108	0.0	30179.0	0.0	1501.0	0.0	0.0	0.0	0.0	0.0	2.62624907494	0.832691192627	0.0	24.9475479126
20131109	0.0	29963.0	0.0	1501.0	0.0	0.0	0.0	0.0	0.0	2.78014659882	0.825827360153	0.0	24.8601531982
20131110	0.0	38611.0	0.0	1503.0	0.0	0.0	0.0	0.0	0.0	2.76779770851	0.830348551273	0.0	25.1018886566
20131111	0.0	37905.0	0.0	1503.0	0.0	0.0	0.0	0.0	0.0	3.54491019249	0.804363667965	0.0	25.5417346954
20131112	0.0	38280.0	0.0	1503.0	0.0	0.0	0.0	0.0	0.0	3.40452432632	0.793000757694	0.0	24.7557849884
20131113	0.0	37216.0	0.0	1500.0	0.0	0.0	0.0	0.0	0.0	3.54799985886	0.726770043373	0.0	26.6038856506
20131114	0.0	37637.0	0.0	1500.0	0.0	0.0	0.0	0.0	0.0	3.38000011444	0.818697094917	0.0	24.7751998901
20131115	0.0	36768.0	0.0	1501.0	0.0	0.0	0.0	0.0	0.0	3.30846095085	0.831701874733	0.0	24.1778430939
20131116	0.0	36132.0	0.0	1499.0	0.0	0.0	0.0	0.0	0.0	3.278185606	0.788296639919	0.0	24.2675685883
20131117	0.0	35679.0	0.0	1496.0	0.0	0.0	0.0	0.0	0.0	3.2901070118	0.801834285259	0.0	23.0013847351
20131118	0.0	35025.0	0.0	1496.0	0.0	0.0	0.0	0.0	0.0	3.25601601601	0.820372164249	0.0	23.7858810425
20131119	0.0	36563.0	0.0	1496.0	0.0	0.0	0.0	0.0	0.0	3.21657752991	0.779873728752	0.0	24.7334899902
20131120	0.0	36513.0	0.0	1497.0	0.0	0.0	0.0	0.0	0.0	3.38810944557	0.815431594849	0.0	24.0565490723
20131121	0.0	36058.0	0.0	1492.0	0.0	0.0	0.0	0.0	0.0	3.38941025734	0.803533017635	0.0	23.6846313477
20131122	0.0	37140.0	0.0	1495.0	0.0	0.0	0.0	0.0	0.0	3.27826094627	0.750394046307	0.0	24.0522766113
20131123	0.0	36495.0	0.0	1491.0	0.0	0.0	0.0	0.0	0.0	3.40576791763	0.801299929619	0.0	24.1745662689
20131124	0.0	35508.0	0.0	1488.0	0.0	0.0	0.0	0.0	0.0	3.3770160675	0.789418041706	0.0	24.7684707642
20131125	0.0	35142.0	1.0	1494.0	0.000669344037306	0.0	0.0	0.0	0.0	3.33333349228	0.777849018574	0.0	24.2911739349
20131126	0.0	34405.0	0.0	1492.0	0.000670241308399	0.0	0.0	0.0	0.0	3.18297600746	0.765296757221	0.0	24.6168956757
20131127	0.0	35038.0	0.0	1494.0	0.000669344037306	0.0	0.0	0.0	0.0	3.05020070076	0.764276683331	0.0	24.0786094666
20131128	0.0	34581.0	0.0	1494.0	0.000669344037306	0.0	0.0	0.0	0.0	3.15930390358	0.726479351521	0.0	23.6541500092
20131129	0.0	34357.0	0.0	1494.0	0.000669344037306	0.0	0.0	0.0	0.0	3.21151256561	0.787986576557	0.0	23.433506012
20131130	0.0	27586.0	0.0	1495.0	0.000668896303978	0.0	0.0	0.0	0.0	3.14715719223	0.818230688572	0.0	23.6597976685
20131201	0.0	27623.0	0.0	1496.0	0.000668449210934	0.0	0.0	0.0	0.0	2.49598932266	0.800373971462	0.0	24.1285820007
20131202	0.0	27843.0	0.0	1498.0	0.000667556771077	0.0	0.0	0.0	0.0	2.49599456787	0.842400610447	0.0	23.6552257538
20131203	0.0	27519.0	0.0	1496.0	0.000668449210934	0.0	0.0	0.0	0.0	2.48930501938	0.845404148102	0.0	22.9273509979
20131204	0.0	27575.0	0.0	1495.0	0.000668896303978	0.0	0.0	0.0	0.0	2.51438117027	0.739703536034	0.0	23.5271625519
20131205	0.0	27575.0	0.0	1493.0	0.00066979235271	0.0	0.0	0.0	0.0	2.48961830139	0.788572430611	0.0	23.5564842224
20131206	0.0	27445.0	0.0	1490.0	0.000671140966006	0.0	0.0	0.0	0.0	2.5093960762	0.740007162094	0.0	23.6551761627
20131207	0.0	27724.0	0.0	1493.0	0.00066979235271	0.0	0.0	0.0	0.0	2.49765563011	0.850617408752	0.0	22.49152565
20131208	0.0	27820.0	0.0	1494.0	0.000669344037306	0.000669344037306	0.0	0.0	0.0	2.52610445023	0.851856172085	0.0	23.3492927551
20131209	0.0	27604.0	0.0	1491.0	0.000670690787956	0.000670690787956	0.0	0.0	0.0	2.61032867432	0.815375804901	0.0	23.6649608612
20131210	0.0	22266.0	0.0	1494.0	0.000669344037306	0.000669344037306	0.0	0.0	0.0	2.55354762077	0.800074875355	0.0	24.0554676056
20131211	0.0	22932.0	0.0	1494.0	0.000669344037306	0.000669344037306	0.0	0.0	0.0	1.99933063984	0.825373232365	0.0	23.580947876
20131212	0.0	23119.0	0.0	1492.0	0.000670241308399	0.000670241308399	0.0	0.0	0.0	2.07372665405	0.736638665199	0.0	23.6341590881
20131213	0.0	23121.0	0.0	1494.0	0.00133868807461	0.000669344037306	0.0	0.666666666667	3.47579843947e-05	2.10441756248	0.742918491364	0.0	24.4037380219
20131214	0.0	23274.0	0.0	1495.0	0.00133779260796	0.00133779260796	0.0	0.0	2.90975949611e-05	2.14581942558	0.803742110729	0.0	23.9303016663
20131215	0.0	23413.0	0.0	1496.0	0.000668449210934	0.000668449210934	0.0	0.0	0.0	2.1183154583	0.80638474226	0.0	23.8718109131
20131216	0.0	23627.0	0.0	1496.0	0.000668449210934	0.000668449210934	0.0	0.0	1.28883392847e-09	2.09425139427	0.771693706512	0.0	23.7384567261
20131217	0.0	23480.0	0.0	1497.0	0.000668002699967	0.000668002699967	0.0	0.0	7.67394769952e-09	2.16232466698	0.724829375744	0.0	24.343454361
20131218	0.0	23579.0	0.0	1497.0	0.000668002699967	0.000668002699967	0.0	0.0	1.92364844054e-08	2.16299271584	0.767994463444	0.0	23.7803058624
20131219	0.0	22338.0	0.0	1496.0	0.000668449210934	0.000668449210934	0.0	0.0	1.16079284851e-07	2.13636350632	0.780854642391	0.0	23.2465744019
20131220	0.0	22252.0	0.0	1494.0	0.000669344037306	0.000669344037306	0.0	0.0	3.60291778634e-07	2.06157970428	0.768293857574	0.0	23.7074451447
20131221	0.0	22255.0	0.0	1491.0	0.000670690787956	0.000670690787956	0.0	0.0	2.07089510695e-06	1.99195170403	0.730628371239	0.0	23.4178066254
20131222	0.0	22155.0	0.0	1491.0	0.000670690787956	0.000670690787956	0.0	0.0	9.00961003936e-06	2.022803545	0.780650258064	0.0	21.823841095
20131223	0.0	22219.0	0.0	1491.0	0.000670690787956	0.000670690787956	0.0	0.0	4.26421574957e-05	2.05700874329	0.799544453621	0.0	21.3312454224
20131224	0.0	22351.0	0.0	1489.0	0.000671591667924	0.000671591667924	0.0	0.0	0.000245035043918	2.02014780045	0.838507056236	0.0	22.2294044495
20131225	0.0	22206.0	0.0	1493.0	0.00066979235271	0.00066979235271	0.0	0.0	0.000472866377095	2.03081035614	0.785412311554	0.0	24.1729011536
20131226	0.0	22230.0	0.0	1493.0	0.00066979235271	0.00066979235271	0.0	0.0	0.000557288760319	2.07970523834	0.806793510914	0.0	23.8185272217
20131227	0.0	22144.0	0.0	1488.0	0.000672043010127	0.000672043010127	0.0	0.0	0.000539521162864	2.06317210197	0.790980577469	0.0	23.8461933136
20131228	0.0	22228.0	0.0	1492.0	0.000670241308399	0.000670241308399	0.0	0.0	0.000598637212534	2.0	0.778138577938	0.0	23.7841587067
20131229	0.0	21316.0	0.0	1491.0	0.000670690787956	0.000670690787956	0.0	0.0	0.0004842801427	2.04627776146	0.770085453987	0.0	23.7748241425
20131230	0.0	21419.0	0.0	1491.0	0.000670690787956	0.000670690787956	0.0	0.0	0.000489339756314	1.94969820976	0.759658932686	0.0	23.1468219757
20131231	0.0	21320.0	0.0	1488.0	0.000672043010127	0.000672043010127	0.0	0.0	0.00043916478171	1.98319888115	0.771846830845	0.0	23.2408428192
20140101	0.0	21182.0	0.0	1489.0	0.000671591667924	0.000671591667924	0.0	0.0	0.000520514615346	1.93485569954	0.781811356544	0.0	22.9810523987
20140102	0.0	21009.0	0.0	1488.0	0.000672043010127	0.000672043010127	0.0	0.0	0.000635276548564	1.9173387289	0.812162339687	0.0	22.8556900024
20140103	0.0	20848.0	0.0	1485.0	0.00067340064561	0.00067340064561	0.0	0.0	0.000650968111586	1.91447806358	0.860099077225	0.0	22.852809906
20140104	0.0	20930.0	0.0	1484.0	0.000673854432534	0.000673854432534	0.0	0.0	0.000656073563732	1.95013475418	0.777154743671	0.0	23.3787002563
20140105	0.0	20742.0	0.0	1490.0	0.000671140966006	0.000671140966006	0.0	0.0	0.000633179966826	1.90536916256	0.811579942703	0.0	23.679227829
20140106	0.0	20573.0	0.0	1486.0	0.00067294749897	0.00067294749897	0.0	0.0	0.000603657856118	1.91117095947	0.746094048023	0.0	23.629901886
20140107	0.0	20366.0	0.0	1485.0	0.00067340064561	0.00067340064561	0.0	0.0	0.000562316155992	1.89629626274	0.754919588566	0.0	23.1055793762
20140108	0.0	20398.0	0.0	1488.0	0.000672043010127	0.0	0.0	0.0	0.000501360511407	1.90053761005	0.780369639397	0.0	22.7386112213
20140109	0.0	20344.0	0.0	1489.0	0.000671591667924	0.0	0.0	0.0	0.00046786715393	1.8858294487	0.76231944561	0.0	22.8662872314
20140110	0.0	16387.0	0.0	1490.0	0.000671140966006	0.0	0.0	0.0	0.000399428128731	1.85637593269	0.736972272396	0.0	22.8390750885
20140111	0.0	16740.0	0.0	1490.0	0.000671140966006	0.0	0.0	0.0	0.000384768936783	1.52684569359	0.762338936329	0.0	23.0015087128
20140112	0.0	17109.0	0.0	1489.0	0.000671591667924	0.0	0.0	0.0	0.000319398532156	1.51242446899	0.773959994316	0.0	22.9169368744
20140113	0.0	21155.0	0.0	1490.0	0.000671140966006	0.0	0.0	0.0	0.000289391697152	1.59328854084	0.759551286697	0.0	22.3903064728
20140114	0.0	21089.0	0.0	1487.0	0.000672494934406	0.0	0.0	0.0	0.000233973900322	1.94889044762	0.722382843494	0.0	22.7133026123
20140115	0.0	16979.0	0.0	1485.0	0.00067340064561	0.0	0.0	0.0	0.000194353866391	1.89629626274	0.715505599976	0.0	22.7604885101
20140116	0.0	17235.0	0.0	1487.0	0.000672494934406	0.0	0.0	0.0	0.000152957305545	1.55480825901	0.786004364491	0.0	22.9362602234
20140117	0.0	17306.0	0.0	1484.0	0.000673854432534	0.0	0.0	0.0	0.000121005992696	1.61455523968	0.79316931963	0.0	23.1054954529
20140118	0.0	17407.0	0.0	1489.0	0.000671591667924	0.0	0.0	0.0	9.35183343245e-05	1.58764266968	0.811554372311	0.0	23.0394763947
20140119	0.0	17468.0	0.0	1487.0	0.000672494934406	0.0	0.0	0.0	7.23818811821e-05	1.56355082989	0.75256383419	0.0	23.4425392151
20140120	0.0	17422.0	0.0	1483.0	0.000674308859743	0.0	0.0	0.0	5.57064704481e-05	1.59339177608	0.755172371864	0.0	22.9137878418
20140121	0.0	17482.0	0.0	1486.0	0.00067294749897	0.0	0.0	0.0	4.25550424552e-05	1.61036348343	0.736765861511	0.0	23.5378322601
20140122	0.0	17313.0	0.0	1487.0	0.000672494934406	0.0	0.0	0.0	3.24227221427e-05	1.61331546307	0.769431889057	0.0	22.9512252808
20140123	0.0	17537.0	0.0	1490.0	0.000671140966006	0.0	0.0	0.0	2.46206054726e-05	1.57046985626	0.780039310455	0.0	23.2154026031
20140124	0.0	17667.0	0.0	1490.0	0.000671140966006	0.0	0.0	0.0	1.86641682376e-05	1.57449662685	0.741446137428	0.0	23.7037010193
20140125	0.0	17680.0	0.0	1486.0	0.00067294749897	0.00067294749897	0.0	0.0	1.41673099279e-05	1.67631220818	0.746826827526	0.0	23.2697124481
20140126	0.0	17622.0	0.0	1489.0	0.000671591667924	0.0	0.0	0.0	1.0642585039e-05	1.65815985203	0.759249746799	0.0	23.3133888245
20140127	0.0	17500.0	0.0	1487.0	0.000672494934406	0.000672494934406	0.0	0.0	8.01617170509e-06	1.5521184206	0.704641759396	0.0	23.5803661346
20140128	0.0	17375.0	0.0	1489.0	0.000671591667924	0.000671591667924	0.0	0.0	5.95043002249e-06	1.66823375225	0.708427190781	0.0	23.6041717529
20140129	0.0	17393.0	0.0	1489.0	0.000671591667924	0.000671591667924	0.0	0.0	4.42718101112e-06	1.62323713303	0.722708582878	0.0	23.4321689606
20140130	0.0	16698.0	0.0	1486.0	0.00067294749897	0.00067294749897	0.0	0.0	3.21795801028e-06	1.60969042778	0.76391351223	0.0	22.7069911957
20140131	0.0	16786.0	0.0	1487.0	0.000672494934406	0.000672494934406	0.0	0.0	2.35531547332e-06	1.54404842854	0.777037680149	0.0	22.9960632324
20140201	0.0	16892.0	0.0	1484.0	0.000673854432534	0.000673854432534	0.0	0.0	1.63634831551e-06	1.49191367626	0.775001704693	0.0	23.7251358032
20140202	0.0	17476.0	0.0	1485.0	0.00067340064561	0.00067340064561	0.0	0.0	1.18835305329e-06	1.59865319729	0.729498028755	0.0	23.5792293549
20140203	0.0	20717.0	0.0	1486.0	0.00067294749897	0.00067294749897	0.0	0.0	8.05987383501e-07	1.6366083622	0.727781891823	0.0	23.0258712769
20140204	0.0	20459.0	0.0	1489.0	0.000671591667924	0.000671591667924	0.0	0.0	6.78217134009e-07	1.86971116066	0.749448060989	0.0	23.1188335419
20140205	0.0	20253.0	0.0	1487.0	0.000672494934406	0.000672494934406	0.0	0.0	4.65701134544e-07	1.82851374149	0.782698273659	0.0	23.3512554169
20140206	0.0	19950.0	0.0	1491.0	0.000670690787956	0.000670690787956	0.0	0.0	5.91129207805e-07	1.82159626484	0.771470785141	0.0	23.6115341187
20140207	0.0	19797.0	0.0	1489.0	0.000671591667924	0.000671591667924	0.0	0.0	4.24697049084e-07	1.83344531059	0.734283208847	0.0	24.0508041382
20140208	0.0	19648.0	0.0	1487.0	0.000672494934406	0.000672494934406	0.0	0.0	9.5912469078e-07	1.8029589653	0.706019699574	0.0	24.4633312225
20140209	0.0	19407.0	0.0	1489.0	0.000671591667924	0.000671591667924	0.0	0.0	7.60521459142e-07	1.77434527874	0.737441539764	0.0	24.3410797119
20140210	0.0	19135.0	0.0	1487.0	0.000672494934406	0.000672494934406	0.0	0.0	2.37349740928e-06	1.80026900768	0.707800924778	0.0	24.6412715912
20140211	0.0	19137.0	0.0	1490.0	0.000671140966006	0.000671140966006	0.0	0.0	1.98165798793e-06	1.71476507187	0.727124929428	0.0	24.3722419739
20140212	0.0	19169.0	0.0	1488.0	0.000672043010127	0.000672043010127	0.0	0.0	6.17522937318e-06	1.73454296589	0.74408608675	0.0	24.3436031342
20140213	0.0	18993.0	0.0	1487.0	0.000672494934406	0.0	0.0	0.0	4.73472482554e-06	1.72763955593	0.761128485203	0.0	24.1956481934
20140214	0.0	18818.0	0.0	1485.0	0.00067340064561	0.0	0.0	0.0	1.15750399345e-05	1.74612796307	0.680552005768	0.0	24.3364944458
20140215	0.0	18806.0	0.0	1485.0	0.00067340064561	0.0	0.0	0.0	8.79244726093e-06	1.75151515007	0.681760430336	0.0	23.7174034119
20140216	0.0	22545.0	0.0	1486.0	0.00067294749897	0.0	0.0	0.0	1.71415431396e-05	1.72678339481	0.678518533707	0.0	23.4976596832
20140217	0.0	21944.0	0.0	1487.0	0.000672494934406	0.0	0.0	0.0	1.30218213599e-05	2.03093481064	0.7046687603	0.0	23.8382549286
20140218	0.0	21548.0	0.0	1488.0	0.000672043010127	0.0	0.0	0.0	1.96747478185e-05	2.02150535583	0.679214000702	0.0	24.0893650055
20140219	0.0	21360.0	0.0	1486.0	0.00067294749897	0.0	0.0	0.0	1.49844508996e-05	2.02691793442	0.680597603321	0.0	23.689250946
20140220	0.0	21313.0	0.0	1486.0	0.00067294749897	0.0	0.0	0.0	1.71312094608e-05	1.95087480545	0.690050065517	0.0	24.1581554413
20140221	0.0	21520.0	0.0	1489.0	0.000671591667924	0.0	0.0	0.0	1.29990976347e-05	1.9187374115	0.702387809753	0.0	23.9834022522
20140222	0.0	21223.0	0.0	1485.0	0.00067340064561	0.0	0.0	0.0	1.21589673654e-05	1.98181819916	0.642379045486	0.0	25.0312156677
20140223	0.0	20942.0	0.0	1488.0	0.000672043010127	0.0	0.0	0.0	9.21403079701e-06	1.93346774578	0.645490825176	0.0	24.627407074
20140224	0.0	20961.0	0.0	1488.0	0.000672043010127	0.0	0.0	0.0	7.48119782656e-06	1.93481183052	0.706311821938	0.0	23.4029312134
20140225	0.0	20999.0	0.0	1489.0	0.000671591667924	0.0	0.0	0.0	5.65482241655e-06	1.90463399887	0.653634130955	0.0	24.458158493
20140226	0.0	20831.0	0.0	1486.0	0.00067294749897	0.0	0.0	0.0	4.32483875556e-06	1.89502024651	0.672037541866	0.0	24.8124580383
20140227	0.0	20711.0	0.0	1486.0	0.00067294749897	0.00067294749897	0.0	0.0	3.19308855978e-06	1.88963663578	0.653625786304	0.0	24.9783191681
20140228	0.0	20735.0	0.0	1486.0	0.00067294749897	0.00067294749897	0.0	0.0	2.23438587454e-06	1.83647370338	0.747478246689	0.0	22.9469490051
20140301	0.0	20611.0	0.0	1486.0	0.00067294749897	0.00067294749897	0.0	0.0	1.39942949318e-06	1.86675643921	0.664547801018	0.0	23.4782218933
20140302	0.0	20508.0	0.0	1486.0	0.00067294749897	0.00067294749897	0.0	0.0	6.87403485244e-07	1.88761770725	0.60854279995	0.0	23.95520401
20140303	0.0	20433.0	0.0	1488.0	0.000672043010127	0.000672043010127	0.0	0.0	2.70693448101e-07	1.83467745781	0.66345757246	0.0	23.5240459442
20140304	0.0	20446.0	0.0	1490.0	0.000671140966006	0.000671140966006	0.0	0.0	1.58248425919e-07	1.92348992825	0.680021166801	0.0	24.6374950409
20140305	0.0	20503.0	0.0	1493.0	0.00066979235271	0.00066979235271	0.0	0.0	1.22203431374e-07	1.87073016167	0.664579570293	0.0	24.9308376312
20140306	0.0	21038.0	0.0	1489.0	0.000671591667924	0.000671591667924	0.0	0.0	3.55080288728e-07	1.84083271027	0.62502348423	0.0	24.9321460724
20140307	0.0	20947.0	0.0	1488.0	0.000672043010127	0.000672043010127	0.0	0.0	3.66729921097e-07	1.91532254219	0.697450339794	0.0	24.4803104401
20140308	0.0	20871.0	0.0	1490.0	0.000671140966006	0.000671140966006	0.0	0.0	4.74740090795e-07	1.94295299053	0.650112271309	0.0	24.5304698944
20140309	0.0	20877.0	0.0	1489.0	0.000671591667924	0.000671591667924	0.0	0.0	3.60995159099e-07	1.94828736782	0.660402357578	0.0	24.0939483643
20140310	0.0	20746.0	0.0	1488.0	0.000672043010127	0.000672043010127	0.0	0.0	1.8951908487e-06	1.90188169479	0.646536290646	0.0	24.7510967255
20140311	0.0	20846.0	0.0	1484.0	0.000673854432534	0.000673854432534	0.0	0.0	1.43902138916e-06	1.90566039085	0.648360610008	0.0	25.0927276611
20140312	0.0	21004.0	0.0	1486.0	0.00067294749897	0.00067294749897	0.0	0.0	1.49445095303e-05	1.88358008862	0.6687027812	0.0	24.9491024017
20140313	0.0	20837.0	0.0	1487.0	0.000672494934406	0.000672494934406	0.0	0.0	1.13178402898e-05	1.92938804626	0.680843472481	0.0	24.5185718536
20140314	0.0	20929.0	0.0	1490.0	0.000671140966006	0.000671140966006	0.0	0.0	8.44570240588e-05	1.92483222485	0.695114672184	0.0	24.6073589325
20140315	0.0	25499.0	0.0	1490.0	0.000671140966006	0.000671140966006	0.0	0.0	6.46656262688e-05	1.93154358864	0.652615725994	0.0	25.8653659821
20140316	0.0	24930.0	0.0	1491.0	0.000670690787956	0.0	0.0	0.0	0.000193931889953	2.32930922508	0.653246760368	0.0	25.6909809113
20140317	0.0	24430.0	0.0	1489.0	0.000671591667924	0.000671591667924	0.0	0.0	0.000151269268827	2.26192092896	0.630230665207	0.0	25.7469158173
20140318	0.0	23915.0	0.0	1488.0	0.000672043010127	0.0	0.0	0.0	0.000224186253035	2.25268816948	0.649221122265	0.0	25.363910675
20140319	0.0	23521.0	0.0	1490.0	0.000671140966006	0.000671140966006	0.0	0.0	0.000173274165718	2.12416100502	0.645567178726	0.0	25.4830970764
20140320	0.0	23378.0	0.0	1488.0	0.000672043010127	0.000672043010127	0.0	0.0	0.000171415493242	2.17540335655	0.677840352058	0.0	25.6720294952
20140321	0.0	23440.0	0.0	1488.0	0.000672043010127	0.000672043010127	0.0	0.0	0.000128560903249	2.15322589874	0.675761759281	0.0	25.6532096863
20140322	0.0	28355.0	0.0	1489.0	0.000671591667924	0.000671591667924	0.0	0.0	0.000113229987619	2.1840159893	0.677328526974	0.0	25.0659503937
20140323	0.0	27593.0	0.0	1491.0	0.000670690787956	0.0	0.0	0.0	8.68746064953e-05	2.62910795212	0.689343214035	0.0	24.9462337494
20140324	0.0	27130.0	0.0	1493.0	0.00066979235271	0.00066979235271	0.0	0.0	6.97101277183e-05	2.56530475616	0.661852002144	0.0	25.8456172943
20140325	0.0	26872.0	0.0	1489.0	0.000671591667924	0.000671591667924	0.0	0.0	5.50458098587e-05	2.47280049324	0.671603381634	0.0	25.8912200928
20140326	0.0	26660.0	0.0	1487.0	0.000672494934406	0.0	0.0	0.0	4.16839575337e-05	2.48688626289	0.659667313099	0.0	25.5437583923
20140327	0.0	26260.0	0.0	1492.0	0.000670241308399	0.000670241308399	0.0	0.0	3.13246164296e-05	2.4705092907	0.648116767406	0.0	25.6820220947
20140328	0.0	26009.0	0.0	1492.0	0.000670241308399	0.000670241308399	0.0	0.0	2.51882484008e-05	2.38806986809	0.628028810024	0.0	25.5655441284
20140329	0.0	25989.0	0.0	1490.0	0.000671140966006	0.0	0.0	0.0	1.91990966414e-05	2.35234880447	0.657372653484	0.0	25.6482944489
20140330	0.0	25694.0	0.0	1485.0	0.00067340064561	0.0	0.0	0.0	1.67936304933e-05	2.33939385414	0.662629008293	0.0	25.8721828461
20140331	0.0	26576.0	0.0	1489.0	0.000671591667924	0.0	0.0	0.0	1.27517096189e-05	2.32370710373	0.65155673027	0.0	25.4868450165
20140401	0.0	26473.0	0.0	1494.0	0.000669344037306	0.000669344037306	0.0	0.0	1.12720099423e-05	2.42369484901	0.690237700939	0.0	24.9394035339
20140402	0.0	26175.0	0.0	1495.0	0.000668896303978	0.000668896303978	0.0	0.0	8.3076492956e-06	2.4575252533	0.637491583824	0.0	25.0277023315
20140403	0.0	26029.0	0.0	1495.0	0.000668896303978	0.000668896303978	0.0	0.0	7.64170090406e-06	2.38729095459	0.656055510044	0.0	26.0354614258
20140404	0.0	25960.0	0.0	1492.0	0.000670241308399	0.000670241308399	0.0	0.0	5.46364572074e-06	2.3773458004	0.672593832016	0.0	25.9219264984
20140405	0.0	25947.0	0.0	1491.0	0.000670690787956	0.000670690787956	0.0	0.0	5.36387187822e-06	2.2870554924	0.685256958008	0.0	25.7907829285
20140406	0.0	26013.0	0.0	1488.0	0.000672043010127	0.000672043010127	0.0	0.0	3.61897332368e-06	2.35551071167	0.66731017828	0.0	26.5073833466
20140407	0.0	26884.0	0.0	1486.0	0.00067294749897	0.00067294749897	0.0	0.0	3.43694546245e-06	2.39569306374	0.690270543098	0.0	26.6959056854
20140408	0.0	26704.0	0.0	1485.0	0.00067340064561	0.00067340064561	0.0	0.0	2.21168079406e-06	2.54545450211	0.697394192219	0.0	25.9935302734
20140409	0.0	32182.0	0.0	1485.0	0.00067340064561	0.00067340064561	0.0	0.0	2.14629858419e-06	2.40606045723	0.64228028059	0.0	26.3149909973
20140410	0.0	31400.0	0.0	1485.0	0.00067340064561	0.00067340064561	0.0	0.0	1.5220438172e-06	2.92861962318	0.660836696625	0.0	25.7258663177
20140411	0.0	30822.0	0.0	1484.0	0.000673854432534	0.000673854432534	0.0	0.0	1.92835682356e-06	2.94406986237	0.60662984848	0.0	25.6624240875
20140412	0.0	30275.0	0.0	1483.0	0.000674308859743	0.000674308859743	0.0	0.0	1.63462675573e-06	2.82130813599	0.656868517399	0.0	25.6227359772
20140413	0.0	30023.0	0.0	1485.0	0.00067340064561	0.00067340064561	0.0	0.0	3.00093165606e-06	2.80134677887	0.637595057487	0.0	26.277009964
20140414	0.0	29751.0	0.0	1487.0	0.000672494934406	0.000672494934406	0.0	0.0	2.4821979423e-06	2.8164088726	0.668749034405	0.0	25.8591098785
20140415	0.0	29781.0	0.0	1487.0	0.000672494934406	0.000672494934406	0.0	0.0	4.84550673718e-06	2.72763943672	0.676568925381	0.0	25.6237335205
20140416	0.0	29531.0	0.0	1486.0	0.00067294749897	0.0	0.0	0.0	3.6817370983e-06	2.75975775719	0.70747756958	0.0	25.5033740997
20140417	0.0	29336.0	0.0	1487.0	0.000672494934406	0.0	0.0	0.0	9.4224451459e-06	2.62004041672	0.683537364006	0.0	25.632806778
20140418	0.0	29062.0	0.0	1486.0	0.00067294749897	0.0	0.0	0.0	7.15935630069e-06	2.65275907516	0.716321051121	0.0	25.6760368347
20140419	0.0	29095.0	0.0	1488.0	0.000672043010127	0.0	0.0	0.0	1.78773643711e-05	2.6827955246	0.6949685812	0.0	26.293926239
20140420	0.0	28991.0	0.0	1485.0	0.00067340064561	0.0	0.0	0.0	1.36214357553e-05	2.67811441422	0.726224064827	0.0	25.9944000244
20140421	0.0	28999.0	0.0	1488.0	0.000672043010127	0.0	0.0	0.0	2.20927868213e-05	2.6922044754	0.731125116348	0.0	25.8338260651
20140422	0.0	29424.0	0.0	1489.0	0.000671591667924	0.0	0.0	0.0	1.67959660757e-05	2.7004699707	0.744036853313	0.0	25.6295814514
20140423	0.0	29377.0	0.0	1486.0	0.00067294749897	0.0	0.0	0.0	1.97002846107e-05	2.70390295982	0.73580288887	0.0	25.2929840088
20140424	0.0	30780.0	0.0	1486.0	0.00067294749897	0.0	0.0	0.0	1.49806519403e-05	2.73687744141	0.724935531616	0.0	25.8490791321
20140425	0.0	30512.0	0.0	1489.0	0.000671591667924	0.0	0.0	0.0	1.34860238177e-05	2.85762262344	0.715295135975	0.0	26.0518989563
20140426	0.0	30340.0	0.0	1490.0	0.000671140966006	0.0	0.0	0.0	1.02336261989e-05	2.79328870773	0.725433409214	0.0	25.306306839
20140427	0.0	30370.0	0.0	1492.0	0.000670241308399	0.0	0.0	0.0	8.12852431409e-06	2.79825735092	0.702001035213	0.0	25.8430080414
20140428	0.0	30352.0	0.0	1493.0	0.00066979235271	0.0	0.0	0.0	6.15766293777e-06	2.74748826027	0.70778220892	0.0	25.5216693878
20140429	0.0	30086.0	0.0	1493.0	0.00066979235271	0.0	0.0	0.0	4.71603016194e-06	2.72002673149	0.697198748589	0.0	25.3504314423
20140430	0.0	30025.0	0.0	1494.0	0.000669344037306	0.0	0.0	0.0	3.56706300408e-06	2.75301194191	0.713110625744	0.0	25.7548065186
20140501	0.0	24187.0	0.0	1492.0	0.000670241308399	0.0	0.0	0.0	2.70887744591e-06	2.77278828621	0.692498862743	0.0	26.3367729187
20140502	0.0	24739.0	0.0	1493.0	0.00066979235271	0.0	0.0	0.0	2.04117964131e-06	2.17615532875	0.714865922928	0.0	25.7828884125
20140503	0.0	30721.0	0.0	1490.0	0.000671140966006	0.0	0.0	0.0	1.54593067236e-06	2.35436248779	0.745509207249	0.0	25.3826236725
20140504	0.0	30316.0	0.0	1490.0	0.000671140966006	0.0	0.0	0.0	1.15828333946e-06	2.79463100433	0.768070161343	0.0	24.4040660858
20140505	0.0	30246.0	0.0	1489.0	0.000671591667924	0.0	0.0	0.0	8.75687703683e-07	2.77300214767	0.816626131535	0.0	23.4918003082
20140506	0.0	24382.0	0.0	1485.0	0.00067340064561	0.0	0.0	0.0	6.49488754334e-07	2.7447810173	0.787908792496	0.0	23.4386844635
20140507	0.0	24817.0	0.0	1486.0	0.00067294749897	0.00067294749897	0.0	0.0	4.95366691666e-07	2.24966359138	0.750534832478	0.0	23.9131011963
20140508	0.0	25182.0	0.0	1483.0	0.000674308859743	0.000674308859743	0.0	0.0	3.58205909379e-07	2.25758600235	0.707930147648	0.0	24.0629634857
20140509	0.0	25465.0	0.0	1483.0	0.000674308859743	0.000674308859743	0.0	0.0	3.16112959808e-07	2.3223195076	0.783244371414	0.0	22.5820922852
20140510	0.0	25899.0	0.0	1487.0	0.000672494934406	0.0	0.0	0.0	2.37254468516e-07	2.37592458725	0.770579099655	0.0	23.9178256989
20140511	0.0	20880.0	0.0	1486.0	0.00067294749897	0.00067294749897	0.0	0.0	2.67113847485e-07	2.38963651657	0.806384980679	0.0	24.1714057922
20140512	0.0	21489.0	0.0	1485.0	0.00067340064561	0.0	0.0	0.0	2.06310502904e-07	1.9447811842	0.784641742706	0.0	24.6155891418
20140513	0.0	22142.0	0.0	1484.0	0.000673854432534	0.000673854432534	0.0	0.0	3.48426226537e-07	1.95417797565	0.778784573078	0.0	24.6820697784
20140514	0.0	22591.0	0.0	1485.0	0.00067340064561	0.00067340064561	0.0	0.0	2.50221859233e-07	2.01212120056	0.756185173988	0.0	24.8346862793
20140515	0.0	22903.0	0.0	1483.0	0.000674308859743	0.000674308859743	0.0	0.0	5.71560860863e-07	2.08294010162	0.772570431232	0.0	24.7036800385
20140516	0.0	23321.0	0.0	1485.0	0.00067340064561	0.0	0.0	0.0	4.22527250521e-07	2.04915833473	0.747369527817	0.0	25.0598506927
20140517	0.0	23640.0	0.0	1485.0	0.00067340064561	0.00067340064561	0.0	0.0	1.19084222661e-06	2.16700339317	0.780863344669	0.0	24.6317062378
20140518	0.0	22880.0	0.0	1487.0	0.000672494934406	0.000672494934406	0.0	0.0	8.67409937655e-07	2.14256882668	0.85829180479	0.0	23.4339141846
20140519	0.0	23057.0	0.0	1483.0	0.000674308859743	0.000674308859743	0.0	0.0	2.05334640668e-06	2.11800408363	0.829806447029	300.0	23.6209831238
20140520	0.0	18602.0	0.0	1483.0	0.000674308859743	0.000674308859743	0.0	0.0	1.491855528e-06	2.07080245018	0.848707437515	300.0	22.9907989502
20140521	0.0	20038.0	0.0	1485.0	0.00067340064561	0.00067340064561	0.0	0.0	2.44199918598e-06	1.70235693455	0.791127920151	300.0	24.1641407013
20140522	0.0	20385.0	0.0	1485.0	0.00067340064561	0.00067340064561	0.0	0.0	1.92966081158e-06	1.76228952408	0.806514620781	0.0	24.4202899933
20140523	0.0	20532.0	0.0	1484.0	0.000673854432534	0.000673854432534	0.0	0.0	2.95113272841e-06	1.84164428711	0.736935019493	0.0	25.1972179413
20140524	0.0	19908.0	0.0	1486.0	0.00067294749897	0.00067294749897	0.0	0.0	2.27700570576e-06	1.87685060501	0.750799536705	0.0	24.8242168427
20140525	0.0	20303.0	0.0	1485.0	0.00067340064561	0.00067340064561	0.0	0.0	4.03405283578e-06	1.82760953903	0.703928172588	0.0	25.4275932312
20140526	0.0	20670.0	0.0	1487.0	0.000672494934406	0.000672494934406	0.0	0.0	2.84608836409e-06	1.85675859451	0.748234927654	0.0	24.7053432465
20140527	0.0	20955.0	0.0	1486.0	0.00067294749897	0.00067294749897	0.0	0.0	4.78857509734e-06	1.86608338356	0.766999781132	0.0	24.7429351807
20140528	0.0	24805.0	0.0	1486.0	0.00067294749897	0.00067294749897	0.0	0.0	3.59952309736e-06	1.94010770321	0.791828274727	0.0	24.4300193787
20140529	0.0	24724.0	0.0	1485.0	0.00067340064561	0.00067340064561	0.0	0.0	6.15608541921e-06	2.24848484993	0.809344887733	0.0	24.107503891
20140530	0.0	24556.0	0.0	1485.0	0.00067340064561	0.0	0.0	0.0	4.90659249408e-06	2.16565656662	0.793030798435	0.0	24.8007335663
20140531	0.0	24357.0	0.0	1487.0	0.000672494934406	0.000672494934406	0.0	0.0	7.51995503379e-06	2.24344325066	0.798658132553	0.0	24.9382457733
20140601	0.0	24111.0	0.0	1487.0	0.000672494934406	0.0	0.0	0.0	5.81181802772e-06	2.20309352875	0.819277644157	0.0	24.6779708862
20140602	0.0	23965.0	0.0	1487.0	0.000672494934406	0.0	0.0	0.0	7.01749240761e-06	2.23537302017	0.770642697811	242.695922852	24.9991569519
20140603	0.0	23620.0	0.0	1486.0	0.00067294749897	0.0	0.0	0.0	5.32903641215e-06	2.19313597679	0.765037953854	300.0	24.9897174835
20140604	0.0	23245.0	0.0	1488.0	0.000672043010127	0.0	0.0	0.0	6.39019117443e-06	2.15725803375	0.78917324543	121.325340271	24.9919433594
20140605	0.0	23314.0	0.0	1488.0	0.000672043010127	0.0	0.0	0.0	4.8495116971e-06	2.10215067863	0.763434588909	0.0	25.3612289429
20140606	0.0	22418.0	0.0	1489.0	0.000671591667924	0.0	0.0	0.0	6.73896693115e-06	2.13700485229	0.766931891441	300.0	24.9058952332
20140607	0.0	24341.0	0.0	1489.0	0.000671591667924	0.0	0.0	0.0	5.11401049152e-06	2.09402275085	0.784050762653	0.0	24.908290863
20140608	0.0	25767.0	0.0	1490.0	0.000671140966006	0.0	0.0	0.0	6.43635394226e-06	2.28322148323	0.756231546402	0.0	25.4150466919
20140609	0.0	26901.0	0.0	1490.0	0.000671140966006	0.0	0.0	0.0	4.88338537252e-06	2.38389253616	0.761487782001	0.0	25.7357444763
20140610	0.0	26286.0	0.0	1491.0	0.000670690787956	0.0	0.0	0.0	5.20892717759e-06	2.42387652397	0.765594363213	0.0	25.0577602386
20140611	0.0	25760.0	0.0	1489.0	0.000671591667924	0.0	0.0	0.0	3.95659162677e-06	2.42646074295	0.740889966488	0.0	25.4794063568
20140612	0.0	25464.0	0.0	1489.0	0.000671591667924	0.0	0.0	0.0	3.45488297171e-06	2.37340497971	0.713715434074	0.0	25.9396896362
20140613	0.0	25222.0	0.0	1489.0	0.000671591667924	0.0	0.0	0.0	2.61983927885e-06	2.33781051636	0.787779808044	0.0	25.6246013641
20140614	0.0	31004.0	0.0	1491.0	0.000670690787956	0.0	0.0	0.0	2.06252821044e-06	2.34138178825	0.823826253414	103.598831177	24.8939228058
20140615	0.0	30333.0	0.0	1489.0	0.000671591667924	0.0	0.0	0.0	1.56594148848e-06	2.82068490982	0.779985427856	37.515296936	25.143081665
20140616	0.0	29462.0	0.0	1490.0	0.000671140966006	0.0	0.0	0.0	1.19625724437e-06	2.75436258316	0.718036234379	0.0	25.2436561584
20140617	0.0	28916.0	0.0	1488.0	0.000672043010127	0.0	0.0	0.0	9.08432753022e-07	2.74059128761	0.751590847969	0.0	24.8211269379
20140618	0.0	28493.0	0.0	1485.0	0.00067340064561	0.0	0.0	0.0	6.91283503329e-07	2.69562292099	0.804708361626	0.0	25.211687088
20140619	0.0	28093.0	0.0	1486.0	0.00067294749897	0.0	0.0	0.0	5.23636003891e-07	2.57267832756	0.808937191963	0.0	25.519367218
20140620	0.0	29406.0	0.0	1488.0	0.000672043010127	0.0	0.0	0.0	3.96737050323e-07	2.49663972855	0.773736834526	280.211212158	25.9053115845
20140621	0.0	30900.0	0.0	1489.0	0.000671591667924	0.0	0.0	0.0	3.00250974306e-07	2.65950298309	0.761064767838	300.0	25.7344303131
20140622	0.0	30803.0	0.0	1490.0	0.000671140966006	0.0	0.0	0.0	2.2736182359e-07	2.84295296669	0.756267428398	0.0	25.7510585785
20140623	0.0	30536.0	0.0	1490.0	0.000671140966006	0.0	0.0	0.0	1.72697426137e-07	2.84832215309	0.765962719917	300.0	25.2687778473
20140624	0.0	31884.0	0.0	1490.0	0.000671140966006	0.000671140966006	0.0	0.0	1.31367698941e-07	2.77315425873	0.756332099438	262.484710693	25.9083137512
20140625	0.0	31549.0	0.0	1490.0	0.000671140966006	0.0	0.0	0.0	9.96172389023e-08	2.93288588524	0.763037919998	0.0	25.7776203156
20140626	0.0	30792.0	0.0	1488.0	0.000672043010127	0.0	0.0	0.0	7.62245733199e-08	2.80510735512	0.702109396458	0.0	26.5904445648
20140627	0.0	30222.0	0.0	1487.0	0.000672494934406	0.0	0.0	0.0	5.76113308171e-08	2.84667110443	0.693089663982	0.0	26.3943843842
20140628	0.0	29765.0	0.0	1486.0	0.00067294749897	0.0	0.0	0.0	4.55623663242e-08	2.78061914444	0.728283643723	0.0	26.0231990814
20140629	0.0	29196.0	0.0	1487.0	0.000672494934406	0.0	0.0	0.0	3.42511512486e-08	2.67518496513	0.773129224777	0.0	25.5032196045
20140630	0.0	29846.0	0.0	1485.0	0.00067340064561	0.00067340064561	0.0	0.0	3.05784944032e-08	2.70303034782	0.785265147686	0.0	25.6552619934
20140701	0.0	29723.0	0.0	1488.0	0.000672043010127	0.0	0.0	0.0	2.27734986424e-08	2.77284955978	0.740981996059	0.0	25.5697479248
20140702	0.0	29955.0	0.0	1488.0	0.000672043010127	0.000672043010127	0.0	0.0	2.72402242985e-08	2.73387098312	0.758694171906	300.0	25.2962703705
20140703	0.0	29749.0	0.0	1489.0	0.000671591667924	0.0	0.0	0.0	1.99555127978e-08	2.73270654678	0.634758114815	0.0	26.2889232635
20140704	0.0	35506.0	0.0	1491.0	0.000670690787956	0.000670690787956	0.0	0.0	3.62740877335e-08	2.67404437065	0.771315097809	0.0	25.3698253632
20140705	0.0	35077.0	0.0	1490.0	0.000671140966006	0.000671140966006	0.0	0.0	2.56800536391e-08	3.19530200958	0.772410273552	0.0	25.6262454987
20140706	0.0	34634.0	0.0	1488.0	0.000672043010127	0.000672043010127	0.0	0.0	6.09599553059e-08	3.19422054291	0.702733159065	0.0	26.2403316498
20140707	0.0	35834.0	0.0	1491.0	0.000670690787956	0.000670690787956	0.0	0.0	4.25439488083e-08	3.13011407852	0.71579182148	0.0	25.8137798309
20140708	0.0	37054.0	0.0	1488.0	0.000672043010127	0.000672043010127	0.0	0.0	1.25909494386e-07	3.36626338959	0.749997496605	0.0	25.2382392883
20140709	0.0	36547.0	0.0	1486.0	0.00067294749897	0.00067294749897	0.0	0.0	9.4653017868e-08	3.44549131393	0.728041648865	0.0	25.9602184296
20140710	0.0	37879.0	0.0	1489.0	0.000671591667924	0.000671591667924	0.0	0.0	3.1434743164e-07	3.37139010429	0.843359529972	0.0	23.9051952362
20140711	0.0	38532.0	0.0	1489.0	0.000671591667924	0.0	0.0	0.0	2.54255525078e-07	3.49563479424	0.883753061295	0.0	23.6606655121
20140712	0.0	31101.0	0.0	1488.0	0.000672043010127	0.000672043010127	0.0	0.0	8.22095103103e-07	3.52284932137	0.739888191223	242.695922852	24.9141769409
20140713	0.0	30790.0	0.0	1489.0	0.000671591667924	0.0	0.0	0.0	6.1697505771e-07	2.89254522324	0.755519270897	0.0	25.4169845581
20140714	0.0	30482.0	0.0	1487.0	0.000672494934406	0.000672494934406	0.0	0.0	1.79758160357e-06	2.80766630173	0.710199534893	0.0	26.6312122345
20140715	0.0	30050.0	0.0	1486.0	0.00067294749897	0.00067294749897	0.0	0.0	1.3034193671e-06	2.80080771446	0.705548107624	83.810043335	26.5871696472
20140716	0.0	29933.0	0.0	1486.0	0.00067294749897	0.00067294749897	0.0	0.0	4.01753777624e-06	2.74966359138	0.711423635483	0.0	26.645450592
20140717	0.0	29687.0	0.0	1486.0	0.00067294749897	0.0	0.0	0.0	3.05782714349e-06	2.75437426567	0.771250069141	158.885864258	25.7202911377
20140718	0.0	29757.0	0.0	1486.0	0.00067294749897	0.00067294749897	0.0	0.0	6.77709203956e-06	2.79609680176	0.747756361961	300.0	26.4818344116
20140719	0.0	29490.0	0.0	1487.0	0.000672494934406	0.0	0.0	0.0	5.41581448488e-06	2.70746469498	0.748882591724	0.0	26.1954727173
20140720	0.0	32183.0	0.0	1486.0	0.00067294749897	0.0	0.0	0.0	8.0681666077e-06	2.61911177635	0.712404370308	0.0	25.4216766357
20140721	0.0	31493.0	0.0	1486.0	0.00067294749897	0.0	0.0	0.0	6.1335731516e-06	2.93943476677	0.746289432049	0.0	26.2723884583
20140722	0.0	31076.0	0.0	1488.0	0.000672043010127	0.0	0.0	0.0	6.9709149102e-06	2.85685491562	0.741977930069	0.0	26.3452911377
20140723	0.0	31189.0	0.0	1489.0	0.000671591667924	0.0	0.0	0.0	5.28676991962e-06	2.76225662231	0.732808172703	0.0	26.3013744354
20140724	0.0	37322.0	0.0	1488.0	0.000672043010127	0.0	0.0	0.0	5.51186440134e-06	2.86357545853	0.737332940102	242.695922852	26.7209873199
20140725	0.0	36712.0	0.0	1489.0	0.000671591667924	0.0	0.0	0.0	4.17897126681e-06	3.45668244362	0.74896132946	0.0	26.7279911041
20140726	0.0	36215.0	0.0	1487.0	0.000672494934406	0.0	0.0	0.0	4.73026148029e-06	3.35305976868	0.707861959934	0.0	26.7371902466
20140727	0.0	34306.0	0.0	1487.0	0.000672494934406	0.0	0.0	0.0	3.58929082722e-06	3.32817745209	0.718821227551	0.0	26.4115657806
20140728	0.0	34044.0	0.0	1487.0	0.000672494934406	0.0	0.0	0.0	3.80079404749e-06	3.16341614723	0.742483198643	0.0	25.5572853088
20140729	0.0	35183.0	0.0	1488.0	0.000672043010127	0.0	0.0	0.0	2.88076535071e-06	3.06720423698	0.719926714897	0.0	25.9613113403
20140730	0.0	34377.0	0.0	1490.0	0.000671140966006	0.0	0.0	0.0	2.69200768344e-06	3.21879196167	0.737375438213	300.0	25.9063339233
20140731	0.0	33729.0	0.0	1491.0	0.000670690787956	0.0	0.0	0.0	2.03970171242e-06	3.18242788315	0.739339292049	0.0	25.4433555603
20140801	0.0	33682.0	0.0	1493.0	0.00066979235271	0.0	0.0	0.0	1.65629921867e-06	3.06898856163	0.790426194668	0.0	25.304265976
20140802	0.0	33238.0	0.0	1492.0	0.000670241308399	0.0	0.0	0.0	1.25687040509e-06	2.98458456993	0.70717471838	300.0	25.9756183624
20140803	0.0	34016.0	0.0	1489.0	0.000671591667924	0.0	0.0	0.0	9.71183567344e-07	2.98186683655	0.736141145229	0.0	26.362569809
20140804	0.0	36360.0	0.0	1489.0	0.000671591667924	0.0	0.0	0.0	7.35858407097e-07	3.11887168884	0.806089818478	0.0	26.1880702972
20140805	0.0	35581.0	0.0	1489.0	0.000671591667924	0.0	0.0	0.0	5.59676948342e-07	3.35057067871	0.7511510849	196.401168823	26.60587883
20140806	0.0	34857.0	0.0	1490.0	0.000671140966006	0.0	0.0	0.0	4.23601761668e-07	3.25503349304	0.725812375546	0.0	26.3126373291
20140807	0.0	34421.0	0.0	1488.0	0.000672043010127	0.0	0.0	0.0	3.21755379673e-07	3.1538977623	0.792421281338	0.0	25.1439094543
20140808	0.0	35349.0	0.0	1490.0	0.000671140966006	0.0	0.0	0.0	2.43113674969e-07	3.23020148277	0.778062403202	300.0	25.1390914917
20140809	0.0	34882.0	0.0	1494.0	0.000669344037306	0.0	0.0	0.0	1.84234110634e-07	3.19410991669	0.733576953411	0.0	25.6526508331
20140810	0.0	36035.0	0.0	1491.0	0.000670690787956	0.0	0.0	0.0	1.39625299767e-07	3.22736406326	0.797221004963	0.0	25.8701324463
20140811	0.0	35214.0	0.0	1489.0	0.000671591667924	0.0	0.0	0.0	1.07053310217e-07	3.25990605354	0.753684818745	300.0	26.7290287018
20140812	0.0	34638.0	0.0	1487.0	0.000672494934406	0.0	0.0	0.0	8.07060729358e-08	3.25487565994	0.722285509109	0.0	26.677772522
20140813	0.0	34429.0	0.0	1486.0	0.00067294749897	0.0	0.0	0.0	6.40738733182e-08	3.19717359543	0.722901642323	280.211212158	26.3398532867
20140814	0.0	34100.0	0.0	1486.0	0.00067294749897	0.0	0.0	0.0	4.81134101449e-08	3.21130537987	0.71960747242	0.0	25.9154701233
20140815	0.0	33431.0	0.0	1486.0	0.00067294749897	0.00067294749897	0.0	0.0	4.3341263023e-08	3.1567966938	0.816989898682	0.0	25.9350032806
20140816	0.0	35091.0	0.0	1486.0	0.00067294749897	0.0	0.0	0.0	3.20406137178e-08	3.09555864334	0.75194221735	0.0	26.4525222778
20140817	0.0	34552.0	0.0	1486.0	0.00067294749897	0.00067294749897	0.0	0.0	3.93540986465e-08	3.17092871666	0.735985279083	0.0	26.2343997955
20140818	0.0	34459.0	0.0	1488.0	0.000672043010127	0.000672043010127	0.0	0.0	2.83124474976e-08	3.23051071167	0.788795828819	0.0	25.3729381561
20140819	0.0	36381.0	0.0	1487.0	0.000672494934406	0.000672494934406	0.0	0.0	5.24874650409e-08	3.18291854858	0.77762567997	262.484710693	25.80975914
20140820	0.0	35572.0	0.0	1489.0	0.000671591667924	0.000671591667924	0.0	0.0	3.66222678849e-08	3.36870384216	0.868510067463	0.0	23.9537277222
20140821	0.0	35063.0	0.0	1487.0	0.000672494934406	0.000672494934406	0.0	0.0	9.26299179582e-08	3.17081356049	0.953737437725	0.0	22.9618206024
20140822	0.0	35935.0	0.0	1486.0	0.00067294749897	0.00067294749897	0.0	0.0	6.61515500155e-08	3.22274565697	0.900259554386	0.0	24.3743076324
20140823	0.0	28999.0	0.0	1484.0	0.000673854432534	0.000673854432534	0.0	0.0	2.04283381322e-07	3.30795145035	0.836386263371	300.0	24.6139450073
20140824	0.0	29232.0	0.0	1481.0	0.000675219460391	0.000675219460391	0.0	0.0	1.58933843863e-07	2.63200545311	0.836786925793	103.598831177	25.5009326935
20140825	0.0	29349.0	0.0	1485.0	0.00067340064561	0.00067340064561	0.0	0.0	4.82746827402e-07	2.65791249275	0.805659294128	0.0	26.1961994171
20140826	0.0	31645.0	0.0	1483.0	0.000674308859743	0.000674308859743	0.0	0.0	3.80830130098e-07	2.77410674095	0.790832877159	0.0	26.1930599213
20140827	0.0	31293.0	0.0	1484.0	0.000673854432534	0.000673854432534	0.0	0.0	1.15645673304e-06	2.92183303833	0.827433824539	300.0	24.0964355469
20140828	0.0	31145.0	0.0	1482.0	0.000674763810821	0.000674763810821	0.0	0.0	8.55787334331e-07	2.92442655563	0.877380132675	0.0	23.8620452881
20140829	0.0	32748.0	0.0	1483.0	0.000674308859743	0.000674308859743	0.0	0.0	2.54925271292e-06	2.83479428291	0.858265817165	300.0	24.6768550873
20140830	0.0	32105.0	0.0	1483.0	0.000674308859743	0.000674308859743	0.0	0.0	2.03808917831e-06	3.01550912857	0.818148910999	0.0	24.6348648071
20140831	0.0	33019.0	0.0	1483.0	0.000674308859743	0.000674308859743	0.0	0.0	5.37892719876e-06	2.95212388039	0.809696257114	83.810043335	25.034198761
20140901	0.0	32568.0	0.0	1484.0	0.000673854432534	0.0	0.0	0.0	4.10887651014e-06	2.98180603981	0.815929293633	0.0	25.4492664337
20140902	0.0	32034.0	0.0	1485.0	0.00067340064561	0.00067340064561	0.0	0.0	7.87199769547e-06	3.0417509079	0.830525457859	0.0	25.303483963
20140903	0.0	25793.0	0.0	1483.0	0.000674308859743	0.0	0.0	0.0	6.03936132393e-06	2.95077562332	0.85391420126	300.0	24.3814411163
20140904	0.0	26041.0	0.0	1483.0	0.000674308859743	0.000674308859743	0.0	0.0	8.44550686452e-06	2.35064053535	0.862798213959	300.0	23.4375972748
20140905	0.0	26594.0	0.0	1482.0	0.000674763810821	0.0	0.0	0.0	6.41526776235e-06	2.39878559113	0.90682053566	300.0	22.8043270111
20140906	0.0	26695.0	0.0	1484.0	0.000673854432534	0.0	0.0	0.0	8.24212474981e-06	2.47304582596	0.870978057384	300.0	23.3531074524
20140907	0.0	28120.0	0.0	1484.0	0.000673854432534	0.0	0.0	0.0	6.25579605185e-06	2.39892172813	0.83407074213	0.0	24.6876392365
20140908	0.0	28249.0	0.0	1485.0	0.00067340064561	0.0	0.0	0.0	7.67210258346e-06	2.61616158485	0.823130309582	0.0	24.9139213562
20140909	0.0	27136.0	0.0	1484.0	0.000673854432534	0.0	0.0	0.0	5.82638722335e-06	2.55795145035	0.83012586832	0.0	24.831445694
20140910	0.0	27329.0	0.0	1481.0	0.000675219460391	0.0	0.0	0.0	6.45579302727e-06	2.45914912224	0.817609131336	242.695922852	24.5185775757
20140911	0.0	28960.0	0.0	1480.0	0.000675675692037	0.0	0.0	0.0	4.90178263135e-06	2.57432436943	0.795725286007	300.0	25.3767871857
20140912	0.0	29636.0	0.0	1476.0	0.000677506788634	0.0	0.0	0.0	4.74091393698e-06	2.66802167892	0.814715623856	0.0	25.2619743347
20140913	0.0	29149.0	0.0	1476.0	0.000677506788634	0.0	0.0	0.0	3.59597311217e-06	2.69376683235	0.805246472359	300.0	24.8656921387
20140914	0.0	28844.0	0.0	1480.0	0.000675675692037	0.0	0.0	0.0	2.99657608593e-06	2.78648638725	0.806187272072	300.0	24.9419364929
20140915	0.0	30644.0	0.0	1479.0	0.00067613250576	0.0	0.0	0.0	2.27476357395e-06	2.65517234802	0.822198092937	0.0	24.8247032166
20140916	0.0	30141.0	0.0	1477.0	0.000677048054058	0.0	0.0	0.0	1.77267349954e-06	2.81855106354	0.830578505993	158.885864258	25.0213165283
20140917	0.0	31707.0	0.0	1478.0	0.000676589959767	0.0	0.0	0.0	1.34292884013e-06	2.73071718216	0.824871361256	300.0	25.2568969727
20140918	0.0	30913.0	0.0	1478.0	0.000676589959767	0.0	0.0	0.0	1.02442595562e-06	2.93504738808	0.839138448238	290.10559082	24.5921039581
20140919	0.0	30858.0	0.0	1479.0	0.00067613250576	0.0	0.0	0.0	7.75973319378e-07	2.89858031273	0.859088540077	0.0	23.8261871338
20140920	0.0	29384.0	0.0	1481.0	0.000675219460391	0.0	0.0	0.0	5.88189095652e-07	2.87238359451	0.77601391077	0.0	25.499376297
20140921	0.0	28975.0	0.0	1481.0	0.000675219460391	0.0	0.0	0.0	4.46379232244e-07	2.6866979599	0.873946487904	300.0	24.2386550903
20140922	0.0	30399.0	0.0	1476.0	0.000677506788634	0.0	0.0	0.0	3.39816040196e-07	2.65040636063	0.848913490772	0.0	24.6183261871
20140923	0.0	31724.0	0.0	1475.0	0.000677966105286	0.0	0.0	0.0	2.57764298794e-07	2.78101706505	0.860956907272	300.0	24.3063297272
20140924	0.0	33231.0	0.0	1473.0	0.000678886601236	0.0	0.0	0.0	1.95557944949e-07	2.91717576981	0.836404025555	37.515296936	24.0254306793
20140925	0.0	34286.0	0.0	1475.0	0.000677966105286	0.0	0.0	0.0	1.47970041553e-07	3.04271173477	0.881071567535	242.695922852	23.3488330841
20140926	0.0	33112.0	0.0	1477.0	0.000677048054058	0.0	0.0	0.0	1.12213690784e-07	3.27623558044	0.875134587288	0.0	24.3643321991
20140927	0.0	32322.0	0.0	1478.0	0.000676589959767	0.0	0.0	0.0	8.49417673976e-08	2.98917460442	0.850746452808	0.0	24.6292877197
20140928	0.0	32001.0	0.0	1477.0	0.000677048054058	0.0	0.0	0.0	6.46465565524e-08	2.89234924316	0.817611277103	0.0	24.8104610443
20140929	0.0	32834.0	0.0	1478.0	0.000676589959767	0.0	0.0	0.0	4.90595652991e-08	2.94248986244	0.818258166313	0.0	25.0570278168
20140930	0.0	33602.0	0.0	1480.0	0.000675675692037	0.0	0.0	0.0	3.78033284676e-08	3.04324316978	0.816920340061	0.0	25.5150337219
20141001	0.0	32825.0	0.0	1479.0	0.00067613250576	0.0	0.0	0.0	2.86034627095e-08	3.14672064781	0.806475996971	0.0	25.7519245148
20141002	0.0	34026.0	0.0	1479.0	0.00067613250576	0.00067613250576	0.0	0.0	2.30519869859e-08	3.11020946503	0.771591424942	0.0	25.1645717621
20141003	0.0	34765.0	0.0	1480.0	0.000675675692037	0.0	0.0	0.0	1.7262918206e-08	3.16486501694	0.795008778572	0.0	24.5141582489
20141004	0.0	34155.0	0.0	1478.0	0.000676589959767	0.0	0.0	0.0	1.62954272298e-08	3.19079828262	0.743815541267	0.0	24.9959716797
20141005	0.0	34056.0	0.0	1479.0	0.00067613250576	0.0	0.0	0.0	1.21354126748e-08	3.13860726357	0.709876894951	0.0	25.2938404083
20141006	0.0	34959.0	0.0	1480.0	0.000675675692037	0.000675675692037	0.0	0.0	1.63475863957e-08	3.09662151337	0.767420589924	0.0	24.986951828
20141007	0.0	35605.0	0.0	1479.0	0.00067613250576	0.0	0.0	0.0	1.20351879573e-08	3.20486807823	0.783911824226	0.0	25.003288269
20141008	0.0	34780.0	0.0	1480.0	0.000675675692037	0.000675675692037	0.0	0.0	2.44923281656e-08	3.29594612122	0.817507147789	0.0	24.8808441162
20141009	0.0	34077.0	0.0	1480.0	0.000675675692037	0.0	0.0	0.0	1.76020886755e-08	3.17364883423	0.87235558033	0.0	24.1093673706
20141010	0.0	35415.0	0.0	1483.0	0.000674308859743	0.000674308859743	0.0	0.0	4.80455071283e-08	3.1422791481	0.853201150894	0.0	24.4492435455
20141011	0.0	35153.0	0.0	1480.0	0.000675675692037	0.000675675692037	0.0	0.0	3.65133345781e-08	3.23783779144	0.827375054359	0.0	24.8578777313
20141012	0.0	36307.0	0.0	1481.0	0.000675219460391	0.0	0.0	0.0	1.09414344251e-07	3.224848032	0.78454965353	196.401168823	25.0579090118
20141013	0.0	35421.0	0.0	1479.0	0.00067613250576	0.00067613250576	0.0	0.0	8.75207888384e-08	3.29006099701	0.821025848389	0.0	24.5745811462
20141014	0.0	36191.0	0.0	1479.0	0.00067613250576	0.00067613250576	0.0	0.0	2.65841634928e-07	3.22379994392	0.822870492935	300.0	24.8868579865
20141015	0.0	35437.0	0.0	1481.0	0.000675219460391	0.0	0.0	0.0	2.01787742071e-07	3.30587458611	0.838567495346	0.0	24.6260700226
20141016	0.0	35042.0	0.0	1483.0	0.000674308859743	0.0	0.0	0.0	6.00784062499e-07	3.21645307541	0.829527556896	0.0	23.9819431305
20141017	0.0	34476.0	0.0	1484.0	0.000673854432534	0.0	0.0	0.0	4.54984416365e-07	3.18800544739	0.783425867558	0.0	24.6633415222
20141018	0.0	33737.0	0.0	1483.0	0.000674308859743	0.0	0.0	0.0	1.35956270242e-06	3.19352674484	0.807835221291	0.0	24.5865306854
20141019	0.0	33296.0	0.0	1478.0	0.000676589959767	0.0	0.0	0.0	1.03417664832e-06	3.16441130638	0.789240121841	150.0	24.8846797943
20141020	0.0	32965.0	0.0	1480.0	0.000675675692037	0.0	0.0	0.0	2.46668059845e-06	3.10945940018	0.774603128433	0.0	25.3890895844
20141021	0.0	32472.0	0.0	1479.0	0.00067613250576	0.0	0.0	0.0	1.87203011137e-06	2.98309659958	0.805860102177	0.0	25.0167617798
20141022	0.0	32066.0	0.0	1479.0	0.00067613250576	0.0	0.0	0.0	2.65062021754e-06	2.96146035194	0.786601245403	280.211212158	25.2949523926
20141023	0.0	31443.0	0.0	1481.0	0.000675219460391	0.0	0.0	0.0	2.00654812943e-06	2.88926410675	0.835878074169	0.0	25.5398769379
20141024	0.0	31110.0	0.0	1482.0	0.000674763810821	0.0	0.0	0.0	2.13127054849e-06	2.94062066078	0.799566745758	0.0	25.8605461121
20141025	0.0	30800.0	0.0	1482.0	0.000674763810821	0.0	0.0	0.0	1.61618197581e-06	2.88191628456	0.850232064724	158.885864258	24.318939209
20141026	0.0	30329.0	0.0	1479.0	0.00067613250576	0.0	0.0	0.0	1.36622895752e-06	2.8228533268	0.855676531792	0.0	24.4132518768
20141027	0.0	30362.0	0.0	1479.0	0.00067613250576	0.0	0.0	0.0	1.03571960608e-06	2.74104118347	0.805140137672	280.211212158	24.912607193
20141028	0.0	30261.0	0.0	1480.0	0.000675675692037	0.0	0.0	0.0	8.04743081062e-07	2.83783769608	0.781359255314	0.0	25.3678436279
20141029	0.0	30394.0	0.0	1478.0	0.000676589959767	0.0	0.0	0.0	6.1110876004e-07	2.7483086586	0.813835680485	0.0	25.3135204315
20141030	0.0	30326.0	0.0	1479.0	0.00067613250576	0.0	0.0	0.0	4.64910044684e-07	2.80933046341	0.814931869507	300.0	25.4447441101
20141031	0.0	31395.0	0.0	1477.0	0.000677048054058	0.0	0.0	0.0	3.53065473746e-07	2.78469848633	0.79732966423	0.0	25.5120258331
20141101	0.0	30954.0	0.0	1477.0	0.000677048054058	0.0	0.0	0.0	2.67821093303e-07	2.87948536873	0.868486940861	0.0	23.7762718201
20141102	0.0	38534.0	0.0	1478.0	0.000676589959767	0.0	0.0	0.0	2.0278447721e-07	2.8464140892	0.87435567379	0.0	22.3540763855
20141103	0.0	31058.0	0.0	1479.0	0.00067613250576	0.0	0.0	0.0	1.53775317813e-07	3.58688306808	0.819838821888	0.0	22.248626709
20141104	0.0	30737.0	0.0	1479.0	0.00067613250576	0.0	0.0	0.0	1.16691381891e-07	2.8695063591	0.830135166645	0.0	23.1233062744
20141105	0.0	30403.0	0.0	1480.0	0.000675675692037	0.0	0.0	0.0	8.83480169023e-08	2.81891870499	0.826924562454	0.0	23.034986496
20141106	0.0	30100.0	0.0	1480.0	0.0	0.0	0.0	0.0	6.69768738248e-08	2.70945954323	0.852318525314	0.0	23.1542072296
20141107	0.0	30495.0	0.0	1483.0	0.0	0.0	0.0	0.0	5.07425177432e-08	2.75724887848	0.863960564137	0.0	24.5019283295
20141108	0.0	29957.0	0.0	1483.0	0.0	0.0	0.0	0.0	3.84201506165e-08	2.81389069557	0.873521924019	262.484710693	24.6994056702
20141109	0.0	29760.0	0.0	1481.0	0.0	0.0	0.0	0.0	2.92102360078e-08	2.76164746284	0.838464021683	0.0	24.7582073212
20141110	0.0	23982.0	0.0	1482.0	0.0	0.0	0.0	0.0	2.21290665792e-08	2.72064757347	0.828629612923	0.0	24.8003768921
20141111	0.0	25676.0	0.0	1479.0	0.0	0.0	0.0	0.0	1.68031419889e-08	2.17849898338	0.818660080433	158.885864258	24.089881897
20141112	0.0	25723.0	0.0	1475.0	0.0	0.0	0.0	0.0	1.28130217547e-08	2.40881347656	0.774832487106	37.515296936	24.4396324158
20141113	0.0	25692.0	0.0	1477.0	0.0	0.0	0.0	0.0	9.71537161831e-09	2.39336490631	0.791141331196	0.0	24.7157707214
20141114	0.0	26796.0	0.0	1478.0	0.0	0.0	0.0	0.0	7.34783212053e-09	2.42354536057	0.825677752495	0.0	24.7735977173
20141115	0.0	26721.0	0.0	1477.0	0.0	0.0	0.0	0.0	5.58664980943e-09	2.5321598053	0.803931474686	0.0	25.0134410858
20141116	0.0	27939.0	0.0	1478.0	0.0	0.0	0.0	0.0	4.24502744067e-09	2.47496604919	0.796270608902	0.0	25.1988124847
20141117	0.0	27430.0	0.0	1478.0	0.0	0.0	0.0	0.0	3.22348592263e-09	2.53585934639	0.777975022793	0.0	25.0002193451
20141118	0.0	27320.0	0.0	1474.0	0.0	0.0	0.0	0.0	2.45944820065e-09	2.51153326035	0.776445627213	0.0	25.4024276733
20141119	0.0	28317.0	0.0	1476.0	0.0	0.0	0.0	0.0	1.87334281421e-09	2.50609755516	0.772817611694	0.0	24.802116394
20141120	0.0	29221.0	0.0	1476.0	0.000677506788634	0.000677506788634	0.0	0.0	0.000667043670546	2.60162591934	0.841505944729	0.0	23.3515701294
20141121	0.0	27756.0	0.0	1476.0	0.0	0.0	0.0	0.0	1.07422859497e-09	2.73102974892	0.817437648773	0.0	24.3936481476
20141122	0.0	33156.0	0.0	1476.0	0.0	0.0	0.0	0.0	8.22231949194e-10	2.61382102966	0.803617238998	0.0	24.6043319702
20141123	0.0	32245.0	0.0	1475.0	0.0	0.0	0.0	0.0	6.1645166749e-10	3.03457641602	0.8507412076	0.0	24.3581142426
20141124	0.0	31529.0	0.0	1476.0	0.0	0.0	0.0	0.0	4.76408024142e-10	2.97086715698	0.778278887272	0.0	24.4060764313
20141125	0.0	30772.0	0.0	1478.0	0.0	0.0	0.0	0.0	3.88839099807e-10	2.88633298874	0.771846234798	0.0	24.2749576569
20141126	0.0	30180.0	0.0	1479.0	0.0	0.0	0.0	0.0	2.98323837855e-10	2.83840441704	0.798644304276	0.0	22.5626335144
20141127	0.0	30236.0	0.0	1481.0	0.0	0.0	0.0	0.0	2.26115612345e-10	2.80418634415	0.759426414967	150.0	23.7861118317
20141128	0.0	29972.0	0.0	1479.0	0.0	0.0	0.0	0.0	1.69903535685e-10	2.67545628548	0.779377579689	28.6520423889	23.5857944489
20141129	0.0	29542.0	0.0	1478.0	0.0	0.0	0.0	0.0	1.26942928391e-10	2.82476329803	0.751843333244	18.757648468	24.1821689606
20141130	0.0	30045.0	0.0	1477.0	0.0	0.0	0.0	0.0	9.60738155698e-11	2.76371026039	0.76804047823	0.0	24.1604766846
20141201	0.0	29755.0	0.0	1481.0	0.0	0.0	0.0	0.0	7.14397152546e-11	2.76164770126	0.80277132988	0.0	23.6659984589
20141202	0.0	23964.0	0.0	1477.0	0.0	0.0	0.0	0.0	5.33066611685e-11	2.70954632759	0.864492297173	0.0	23.3087844849
20141203	0.0	24111.0	0.0	1475.0	0.0	0.0	0.0	0.0	3.99239356852e-11	2.28542375565	0.800826370716	300.0	23.7737960815
20141204	0.0	24600.0	0.0	1476.0	0.0	0.0	0.0	0.0	3.05269073908e-11	2.21544718742	0.757014870644	0.0	23.4833869934
20141205	0.0	24385.0	0.0	1478.0	0.0	0.0	0.0	0.0	2.23514002445e-11	2.2286875248	0.762886822224	0.0	22.7235050201
20141206	0.0	24504.0	0.0	1479.0	0.0	0.0	0.0	0.0	1.74592441199e-11	2.25963497162	0.757402956486	0.0	22.9729595184
20141207	0.0	24597.0	0.0	1478.0	0.0	0.0	0.0	0.0	1.34052022954e-11	2.28687405586	0.75211417675	0.0	22.6388835907
20141208	0.0	24853.0	0.0	1478.0	0.0	0.0	0.0	0.0	8.93492224652e-12	2.22124505043	0.780360281467	0.0	21.8455963135
20141209	0.0	20093.0	0.0	1480.0	0.0	0.0	0.0	0.0	5.67698275541e-12	2.3331079483	0.755599915981	0.0	22.980430603
20141210	0.0	20178.0	0.0	1478.0	0.0	0.0	0.0	0.0	3.24769681634e-12	1.90933692455	0.747700929642	0.0	24.0293197632
20141211	0.0	21310.0	0.0	1478.0	0.0	0.0	0.0	0.0	2.43526076041e-12	1.82882273197	0.781150400639	0.0	23.6195449829
20141212	0.0	21502.0	0.0	1479.0	0.0	0.0	0.0	0.0	1.21655149062e-12	1.91548347473	0.8356782794	0.0	22.9679145813
20141213	0.0	21735.0	0.0	1477.0	0.0	0.0	0.0	0.0	4.05981048475e-13	1.99932289124	0.834677696228	0.0	22.2965335846
20141214	0.0	21758.0	0.0	1478.0	0.0	0.0	0.0	0.0	0.0	1.96008121967	0.83192640543	242.695922852	22.5588989258
20141215	0.0	21800.0	0.0	1480.0	0.0	0.0	0.0	0.0	0.0	2.04932427406	0.751907467842	141.114135742	23.5204563141
20141216	0.0	21899.0	0.0	1480.0	0.0	0.0	0.0	0.0	0.0	1.97229731083	0.745305597782	0.0	22.6327667236
20141217	0.0	21983.0	0.0	1480.0	0.0	0.0	0.0	0.0	0.0	2.06486487389	0.764077067375	0.0	21.9895305634
20141218	0.0	22620.0	0.0	1481.0	0.0	0.0	0.0	0.0	0.0	2.00067520142	0.734665513039	0.0	23.0896396637
20141219	0.0	18237.0	0.0	1480.0	0.0	0.0	0.0	0.0	0.0	2.02837848663	0.771854817867	0.0	23.2003383636
20141220	0.0	18768.0	0.0	1474.0	0.0	0.0	0.0	0.0	0.0	1.6763907671	0.703545629978	0.0	23.5740394592
20141221	0.0	18985.0	0.0	1474.0	0.0	0.0	0.0	0.0	0.0	1.73202180862	0.772745132446	0.0	23.5668945312
20141222	0.0	18295.0	0.0	1472.0	0.0	0.0	0.0	0.0	0.0	1.76426625252	0.729090631008	0.0	24.4995002747
20141223	0.0	18418.0	0.0	1471.0	0.0	0.0	0.0	0.0	0.0	1.72467708588	0.73504960537	0.0	23.5152549744
20141224	0.0	18775.0	0.0	1472.0	0.0	0.0	0.0	0.0	0.0	1.7153532505	0.759717941284	0.0	23.4543323517
20141225	0.0	19904.0	0.0	1474.0	0.0	0.0	0.0	0.0	0.0	1.70759832859	0.783856630325	0.0	23.0590267181
20141226	0.0	19760.0	0.0	1475.0	0.0	0.0	0.0	0.0	0.0	1.81288135052	0.77860045433	0.0	22.1991729736
20141227	0.0	19598.0	0.0	1476.0	0.0	0.0	0.0	0.0	0.0	1.83875334263	0.770080447197	0.0	22.865644455
20141228	0.0	19462.0	0.0	1474.0	0.0	0.0	0.0	0.0	0.0	1.80054283142	0.752071619034	0.0	23.6960716248
20141229	0.0	18676.0	0.0	1473.0	0.0	0.0	0.0	0.0	0.0	1.82416832447	0.780585825443	0.0	23.3676986694
20141230	0.0	18577.0	0.0	1473.0	0.0	0.0	0.0	0.0	0.0	1.75084865093	0.857166171074	0.0	23.9873504639
20141231	0.0	18616.0	0.0	1477.0	0.0	0.0	0.0	0.0	0.0	1.68720376492	0.822780370712	0.0	24.3706531525
20150101	0.0	18549.0	0.0	1477.0	0.0	0.0	0.0	0.0	0.0	1.6621530056	0.902057766914	0.0	23.3106899261
20150102	0.0	22468.0	0.0	1477.0	0.0	0.0	0.0	0.0	0.0	1.69058895111	0.88593685627	0.0	22.7880954742
20150103	0.0	22089.0	0.0	1478.0	0.0	0.0	0.0	0.0	0.0	2.07848453522	0.855975389481	0.0	22.7073936462
20150104	0.0	22878.0	0.0	1478.0	0.0	0.0	0.0	0.0	0.0	2.04803800583	0.865737140179	0.0	22.7254867554
20150105	0.0	23058.0	0.0	1477.0	0.0	0.0	0.0	0.0	0.0	2.08056879044	0.853298425674	0.0	22.7908382416
20150106	0.0	22568.0	0.0	1477.0	0.0	0.0	0.0	0.0	0.0	2.11239004135	0.649742186069	0.0	22.3960895538
20150107	0.0	21445.0	0.0	1478.0	0.0	0.0	0.0	0.0	0.0	2.1035182476	0.907549083233	0.0	22.7046966553
20150108	0.0	21144.0	0.0	1478.0	0.0	0.0	0.0	0.0	0.0	2.02503395081	0.880509078503	0.0	22.8876132965
20150109	0.0	20952.0	0.0	1478.0	0.0	0.0	0.0	0.0	0.0	1.94587278366	0.680540680885	0.0	23.112247467
20150110	0.0	20494.0	0.0	1479.0	0.0	0.0	0.0	0.0	0.0	1.95537519455	0.696875393391	0.0	22.498167038
20150111	0.0	16382.0	0.0	1478.0	0.0	0.0	0.0	0.0	0.0	1.88633298874	0.732576608658	0.0	23.171415329
20150112	0.0	16698.0	0.0	1479.0	0.0	0.0	0.0	0.0	0.0	1.48613929749	0.910900712013	0.0	22.3399047852
20150113	0.0	17002.0	0.0	1478.0	0.0	0.0	0.0	0.0	0.0	1.57239508629	0.867331147194	0.0	22.9996490479
20150114	0.0	17258.0	0.0	1477.0	0.0	0.0	0.0	0.0	0.0	1.53757619858	0.612430632114	0.0	22.8733406067
20150115	0.0	17365.0	0.0	1481.0	0.0	0.0	0.0	0.0	0.0	1.64078330994	0.627665996552	0.0	23.0721511841
20150116	0.0	17447.0	0.0	1480.0	0.0	0.0	0.0	0.0	0.0	1.61013519764	0.890525102615	0.0	23.2051525116
20150117	0.0	17646.0	0.0	1482.0	0.0	0.0	0.0	0.0	0.0	1.59851551056	0.89299851656	0.0	22.6762332916
20150118	0.0	17502.0	0.0	1484.0	0.0	0.0	0.0	0.0	0.0	1.68194067478	0.655063927174	0.0	22.9042625427
20150119	0.0	17459.0	0.0	1482.0	0.0	0.0	0.0	0.0	0.0	1.62955462933	0.640406727791	0.0	22.9959335327
20150120	0.0	17491.0	0.0	1481.0	0.0	0.0	0.0	0.0	0.0	1.58879137039	0.482830911875	0.0	23.5599346161
20150121	0.0	17623.0	0.0	1484.0	0.0	0.0	0.0	0.0	0.0	1.62938010693	0.868302702904	0.0	23.0519695282
20150122	0.0	18183.0	0.0	1484.0	0.0	0.0	0.0	0.0	0.0	1.61051213741	0.646533310413	0.0	23.628572464
20150123	0.0	18127.0	0.0	1484.0	0.0	0.0	0.0	0.0	0.0	1.66576814651	0.626550078392	0.0	22.9270687103
20150124	0.0	18358.0	0.0	1485.0	0.0	0.0	0.0	0.0	0.0	1.68080806732	0.649596631527	0.0	23.5633811951
20150125	0.0	18382.0	0.0	1489.0	0.0	0.0	0.0	0.0	0.0	1.72196102142	0.68919980526	0.0	23.7314796448
20150126	0.0	18342.0	0.0	1487.0	0.0	0.0	0.0	0.0	0.0	1.65232014656	0.833356320858	0.0	23.5429668427
20150127	0.0	18089.0	0.0	1488.0	0.0	0.0	0.0	0.0	0.0	1.73118281364	0.672197163105	0.0	23.8341293335
20150128	0.0	17974.0	0.0	1484.0	0.0	0.0	0.0	0.0	0.0	1.66711592674	0.711774945259	0.0	23.8373241425
20150129	0.0	17855.0	0.0	1479.0	0.0	0.0	0.0	0.0	0.0	1.63150775433	0.705585896969	0.0	23.6611785889
20150130	0.0	17792.0	0.0	1480.0	0.0	0.0	0.0	0.0	0.0	1.66824328899	0.571851193905	2.07156913941e-32	24.4058017731
20150131	0.0	21023.0	0.0	1480.0	0.0	0.0	0.0	0.0	0.0	1.61621618271	0.588847339153	0.0	25.1189231873
20150201	0.0	20720.0	0.0	1482.0	0.0	0.0	0.0	0.0	0.0	1.9439946413	0.609796285629	0.0	24.7913589478
20150202	0.0	20494.0	0.0	1482.0	0.0	0.0	0.0	0.0	0.0	1.92442643642	0.50059813261	0.0	24.476392746
20150203	0.0	20083.0	0.0	1481.0	0.0	0.0	0.0	0.0	0.0	1.84132349491	0.858619809151	0.0	24.2321338654
20150204	0.0	19604.0	0.0	1483.0	0.0	0.0	0.0	0.0	0.0	1.88267028332	0.626788079739	0.0	24.833360672
20150205	0.0	19386.0	0.0	1484.0	0.0	0.0	0.0	0.0	0.0	1.79043126106	0.66342997551	0.0	25.1423988342
20150206	0.0	23381.0	0.0	1486.0	0.0	0.0	0.0	0.0	0.0	1.80820989609	0.830616652966	0.0	24.7861347198
20150207	0.0	22839.0	0.0	1485.0	0.0	0.0	0.0	0.0	0.0	2.17306399345	0.828207850456	2.07156913941e-32	24.4629554749
20150208	0.0	22310.0	0.0	1485.0	0.0	0.0	0.0	0.0	0.0	2.12255883217	0.72311425209	0.0	24.7681751251
20150209	0.0	21875.0	0.0	1485.0	0.0	0.0	0.0	0.0	0.0	2.06599330902	0.847654759884	0.0	23.6182193756
20150210	0.0	21727.0	0.0	1483.0	0.0	0.0	0.0	0.0	0.0	2.00067424774	0.576234698296	0.0	24.9373493195
20150211	0.0	21513.0	0.0	1484.0	0.0	0.0	0.0	0.0	0.0	1.97641515732	0.8189676404	0.0	24.8412895203
20150212	0.0	21364.0	0.0	1486.0	0.0	0.0	0.0	0.0	0.0	1.91588151455	0.795913159847	0.0	25.3100776672
20150213	0.0	25707.0	0.0	1483.0	0.0	0.0	0.0	0.0	0.0	1.92650032043	0.800998151302	0.0	24.5853328705
20150214	0.0	25210.0	0.0	1484.0	0.0	0.0	0.0	0.0	0.0	2.38679242134	0.776993453503	0.0	24.565908432
20150215	0.0	24611.0	0.0	1482.0	0.0	0.0	0.0	0.0	0.0	2.29284739494	0.791270196438	0.0	25.2091655731
20150216	0.0	24264.0	0.0	1484.0	0.0	0.0	0.0	0.0	0.0	2.21495962143	0.789843261242	0.0	24.7337875366
20150217	0.0	24567.0	0.0	1484.0	0.0	0.0	0.0	0.0	0.0	2.22506737709	0.572210729122	0.0	23.0798931122
20150218	0.0	24156.0	0.0	1482.0	0.0	0.0	0.0	0.0	0.0	2.17341423035	0.804845869541	0.0	23.2908401489
20150219	0.0	23938.0	0.0	1484.0	0.0	0.0	0.0	0.0	0.0	2.21832895279	0.864797472954	0.0	22.8458137512
20150220	0.0	23727.0	0.0	1485.0	0.0	0.0	0.0	0.0	0.0	2.13939404488	0.806147456169	0.0	24.1430950165
20150221	0.0	23411.0	0.0	1484.0	0.0	0.0	0.0	0.0	0.0	2.22169804573	0.802692532539	0.0	24.3246250153
20150222	0.0	23234.0	0.0	1481.0	0.0	0.0	0.0	0.0	0.0	2.19311285019	0.837328195572	0.0	24.7659111023
20150223	0.0	24037.0	0.0	1484.0	0.0	0.0	0.0	0.0	0.0	2.14150953293	0.660518467426	0.0	25.1115493774
20150224	0.0	23791.0	0.0	1481.0	0.0	0.0	0.0	0.0	0.0	2.24172854424	0.768013179302	0.0	26.0023536682
20150225	0.0	23632.0	0.0	1478.0	0.0	0.0	0.0	0.0	0.0	2.20635986328	0.785759925842	0.0	26.0834598541
20150226	0.0	23529.0	0.0	1483.0	0.0	0.0	0.0	0.0	0.0	2.15306806564	0.750679671764	0.0	27.0000610352
20150227	0.0	23288.0	0.0	1478.0	0.0	0.0	0.0	0.0	0.0	2.21989178658	0.76218611002	0.0	25.6958255768
20150228	0.0	23050.0	0.0	1478.0	0.0	0.0	0.0	0.0	0.0	2.14140725136	0.745794773102	0.0	26.0058307648
20150301	0.0	22942.0	0.0	1480.0	0.0	0.0	0.0	0.0	0.0	2.09594607353	0.800853610039	0.0	25.814994812
20150302	0.0	23651.0	0.0	1481.0	0.0	0.0	0.0	0.0	0.0	2.08305191994	0.762813508511	0.0	25.8830528259
20150303	0.0	23711.0	0.0	1482.0	0.0	0.0	0.0	0.0	0.0	2.20377874374	0.785592615604	0.0	25.639295578
20150304	0.0	28825.0	0.0	1483.0	0.0	0.0	0.0	0.0	0.0	2.18206334114	0.737348616123	0.0	26.1200866699
20150305	0.0	28567.0	0.0	1480.0	0.0	0.0	0.0	0.0	0.0	2.72702693939	0.790079951286	0.0	24.9107284546
20150306	0.0	27927.0	0.0	1478.0	0.0	0.0	0.0	0.0	0.0	2.61231398582	0.572492539883	0.0	25.7287921906
20150307	0.0	27450.0	0.0	1480.0	0.0	0.0	0.0	0.0	0.0	2.52297306061	0.657064914703	0.0	25.4602870941
20150308	0.0	26957.0	0.0	1482.0	0.0	0.0	0.0	0.0	0.0	2.51821875572	0.67288351059	0.0	26.0777168274
20150309	0.0	26889.0	0.0	1481.0	0.0	0.0	0.0	0.0	0.0	2.51856851578	0.770453989506	0.0	25.5539741516
20150310	0.0	32399.0	0.0	1485.0	0.0	0.0	0.0	0.0	0.0	2.4848484993	0.611166715622	0.0	24.9337863922
20150311	0.0	31500.0	0.0	1487.0	0.0	0.0	0.0	0.0	0.0	3.04169464111	0.725069820881	0.0	25.3897953033
20150312	0.0	31087.0	0.0	1487.0	0.0	0.0	0.0	0.0	0.0	2.91055822372	0.579457402229	0.0	25.3889904022
20150313	0.0	30568.0	0.0	1487.0	0.0	0.0	0.0	0.0	0.0	2.90450572968	0.597221374512	0.0	24.9110889435
20150314	0.0	24633.0	0.0	1489.0	0.0	0.0	0.0	0.0	0.0	2.78173279762	0.683646142483	2.07156913941e-32	25.5684700012
20150315	0.0	24654.0	0.0	1487.0	0.0	0.0	0.0	0.0	0.0	2.17552113533	0.722191214561	300.0	25.536989212
20150316	0.0	24957.0	0.0	1485.0	0.0	0.0	0.0	0.0	0.0	2.27609443665	0.774487912655	0.0	24.8365726471
20150317	0.0	25190.0	0.0	1480.0	0.0	0.0	0.0	0.0	0.0	2.31081080437	0.67407900095	0.0	25.2816162109
20150318	0.0	25280.0	0.0	1486.0	0.0	0.0	0.0	0.0	0.0	2.21467018127	0.675088703632	0.0	25.5861034393
20150319	0.0	25253.0	0.0	1484.0	0.0	0.0	0.0	0.0	0.0	2.30256080627	0.734747409821	0.0	24.7415275574
20150320	0.0	26392.0	0.0	1481.0	0.0	0.0	0.0	0.0	0.0	2.33625936508	0.739519655704	2.07156913941e-32	24.3035907745
20150321	0.0	26531.0	0.0	1484.0	0.0	0.0	0.0	0.0	0.0	2.38005375862	0.719813525677	0.0	24.410982132
20150322	0.0	26361.0	0.0	1483.0	0.0	0.0	0.0	0.0	0.0	2.48347949982	0.733381509781	0.0	24.6042194366
20150323	0.0	26321.0	0.0	1482.0	0.0	0.0	0.0	0.0	0.0	2.43049931526	0.7528886199	0.0	24.6850719452
20150324	0.0	26342.0	0.0	1480.0	0.0	0.0	0.0	0.0	0.0	2.45202708244	0.762083172798	0.0	23.3764476776
20150325	0.0	26226.0	0.0	1483.0	0.0	0.0	0.0	0.0	0.0	2.43964934349	0.761372447014	37.515296936	23.4091854095
20150326	0.0	21176.0	0.0	1483.0	0.0	0.0	0.0	0.0	0.0	2.39784216881	0.768600106239	0.0	23.9327278137
20150327	0.0	22868.0	0.0	1486.0	0.0	0.0	0.0	0.0	0.0	1.95625841618	0.762454032898	0.0	24.5913257599
20150328	0.0	23031.0	0.0	1487.0	0.0	0.0	0.0	0.0	0.0	2.10558176041	0.722635149956	0.0	25.314453125
20150329	0.0	23371.0	0.0	1486.0	0.0	0.0	0.0	0.0	0.0	2.12247633934	0.581948578358	0.0	24.2039356232
20150330	0.0	23500.0	0.0	1484.0	0.0	0.0	0.0	0.0	0.0	2.17318058014	0.575718104839	0.0	24.5765018463
20150331	0.0	22513.0	0.0	1484.0	0.0	0.0	0.0	0.0	0.0	2.14824795723	0.613206446171	0.0	24.5230560303
20150401	0.0	22804.0	0.0	1486.0	0.0	0.0	0.0	0.0	0.0	2.04710626602	0.634080529213	0.0	24.7761077881
20150402	0.0	22975.0	0.0	1486.0	0.0	0.0	0.0	0.0	0.0	2.10969042778	0.692951142788	0.0	24.6158084869
20150403	0.0	24820.0	0.0	1486.0	0.0	0.0	0.0	0.0	0.0	2.16285324097	0.655850887299	0.0	25.414182663
20150404	0.0	24651.0	0.0	1486.0	0.0	0.0	0.0	0.0	0.0	2.30148029327	0.736993193626	0.0	25.7535591125
20150405	0.0	24542.0	0.0	1484.0	0.0	0.0	0.0	0.0	0.0	2.24797844887	0.748946487904	0.0	25.412689209
20150406	0.0	24624.0	0.0	1482.0	0.0	0.0	0.0	0.0	0.0	2.24224019051	0.728295624256	0.0	26.0781002045
20150407	0.0	24509.0	0.0	1483.0	0.0	0.0	0.0	0.0	0.0	2.24679708481	0.749731183052	0.0	26.1079959869
20150408	0.0	24622.0	0.0	1483.0	0.0	0.0	0.0	0.0	0.0	2.31759953499	0.71819549799	0.0	25.9080066681
20150409	0.0	24538.0	0.0	1483.0	0.0	0.0	0.0	0.0	0.0	2.29130125046	0.734463453293	0.0	26.4472351074
20150410	0.0	24635.0	0.0	1483.0	0.0	0.0	0.0	0.0	0.0	2.29602169991	0.683453917503	0.0	26.3274517059
20150411	0.0	28539.0	0.0	1481.0	0.0	0.0	0.0	0.0	0.0	2.21607017517	0.727255702019	0.0	26.2387733459
20150412	0.0	28431.0	0.0	1485.0	0.0	0.0	0.0	0.0	0.0	2.6309762001	0.734517097473	0.0	26.2927646637
20150413	0.0	28066.0	0.0	1482.0	0.0	0.0	0.0	0.0	0.0	2.66059374809	0.743167817593	0.0	26.0944252014
20150414	0.0	27712.0	0.0	1482.0	0.0	0.0	0.0	0.0	0.0	2.56275296211	0.743273615837	0.0	26.2364864349
20150415	0.0	27337.0	0.0	1481.0	0.0	0.0	0.0	0.0	0.0	2.56583380699	0.789104223251	0.0	25.3697547913
20150416	0.0	32343.0	0.0	1483.0	0.0	0.0	0.0	0.0	0.0	2.52326369286	0.785310924053	0.0	24.9328746796
20150417	0.0	31562.0	0.0	1484.0	0.0	0.0	0.0	0.0	0.0	3.0128030777	0.711917340755	0.0	26.5200099945
20150418	0.0	31200.0	0.0	1485.0	0.0	0.0	0.0	0.0	0.0	2.85723924637	0.690406620502	0.0	26.9425125122
20150419	0.0	30737.0	0.0	1487.0	0.0	0.0	0.0	0.0	0.0	2.86751842499	0.743402481079	0.0	25.8673686981
20150420	0.0	30293.0	0.0	1486.0	0.0	0.0	0.0	0.0	0.0	2.79205942154	0.835121095181	0.0	23.7216777802
20150421	0.0	29898.0	0.0	1487.0	0.0	0.0	0.0	0.0	0.0	2.77269673347	0.687603533268	0.0	24.7350215912
20150422	0.0	29726.0	0.0	1487.0	0.0	0.0	0.0	0.0	0.0	2.71687960625	0.701840281487	0.0	24.443271637
20150423	0.0	29526.0	0.0	1484.0	0.0	0.0	0.0	0.0	0.0	2.70485186577	0.73822081089	0.0	24.5874614716
20150424	0.0	29451.0	0.0	1487.0	0.0	0.0	0.0	0.0	0.0	2.67182254791	0.751395344734	0.0	24.9026012421
20150425	0.0	23782.0	0.0	1487.0	0.0	0.0	0.0	0.0	0.0	2.72158718109	0.793806254864	0.0	25.3228206635
20150426	0.0	24181.0	0.0	1486.0	0.0	0.0	0.0	0.0	0.0	2.20323014259	0.719606041908	0.0	26.0802688599
20150427	0.0	25288.0	0.0	1487.0	0.0	0.0	0.0	0.0	0.0	2.18224620819	0.764421641827	0.0	25.8147468567
20150428	0.0	25668.0	0.0	1487.0	0.0	0.0	0.0	0.0	0.0	2.32616019249	0.695926070213	0.0	26.1468334198
20150429	0.0	25839.0	0.0	1487.0	0.0	0.0	0.0	0.0	0.0	2.31203770638	0.73718380928	0.0	25.8186912537
20150430	0.0	25905.0	0.0	1485.0	0.0	0.0	0.0	0.0	0.0	2.36026930809	0.754201114178	0.0	25.2028751373
20150501	0.0	26133.0	0.0	1490.0	0.0	0.0	0.0	0.0	0.0	2.34563755989	0.809235870838	0.0	25.6576957703
20150502	0.0	27396.0	0.0	1489.0	0.0	0.0	0.0	0.0	0.0	2.40564155579	0.739803552628	0.0	25.8230285645
20150503	0.0	27460.0	0.0	1489.0	0.0	0.0	0.0	0.0	0.0	2.5648086071	0.81434905529	0.0	25.2702884674
20150504	0.0	27586.0	0.0	1490.0	0.0	0.0	0.0	0.0	0.0	2.48187923431	0.849799990654	0.0	24.6097354889
20150505	0.0	27464.0	0.0	1491.0	0.0	0.0	0.0	0.0	0.0	2.49966478348	0.814180552959	0.0	25.198469162
20150506	0.0	27399.0	0.0	1489.0	0.0	0.0	0.0	0.0	0.0	2.489590168	0.780689418316	0.0	25.5540390015
20150507	0.0	27207.0	0.0	1490.0	0.0	0.0	0.0	0.0	0.0	2.5087249279	0.874547660351	0.0	23.1082458496
20150508	0.0	27171.0	0.0	1490.0	0.0	0.0	0.0	0.0	0.0	2.55033564568	0.860493123531	19.7887878418	24.3559436798
20150509	0.0	27263.0	0.0	1490.0	0.0	0.0	0.0	0.0	0.0	2.51140928268	0.869893014431	0.0	25.1450462341
20150510	0.0	27217.0	0.0	1489.0	0.0	0.0	0.0	0.0	0.0	2.52988576889	0.838164150715	0.0	25.7812004089
20150511	0.0	26128.0	0.0	1488.0	0.0	0.0	0.0	0.0	0.0	2.51075267792	0.862390398979	0.0	25.6027107239
20150512	0.0	26173.0	0.0	1488.0	0.0	0.0	0.0	0.0	0.0	2.35282254219	0.744304060936	0.0	26.2196464539
20150513	0.0	26387.0	0.0	1490.0	0.0	0.0	0.0	0.0	0.0	2.41812062263	0.760719835758	0.0	25.6839141846
20150514	0.0	26614.0	0.0	1488.0	0.0	0.0	0.0	0.0	0.0	2.46236538887	0.828463315964	0.0	25.2313156128
20150515	0.0	26552.0	0.0	1490.0	0.0	0.0	0.0	0.0	0.0	2.43355703354	0.728647470474	0.0	26.3124523163
20150516	0.0	26459.0	0.0	1488.0	0.0	0.0	0.0	0.0	0.0	2.3884408474	0.744686603546	0.0	25.8893642426
20150517	0.0	26468.0	0.0	1488.0	0.0	0.0	0.0	0.0	0.0	2.42540335655	0.809629142284	83.810043335	26.4988021851
20150518	0.0	26647.0	0.0	1486.0	0.0	0.0	0.0	0.0	0.0	2.41722750664	0.750825107098	0.0	26.1253547668
20150519	0.0	26591.0	1.0	1487.0	0.000672494934406	0.0	0.0	0.0	0.0	2.46133160591	0.776770114899	0.0	26.1704730988
20150520	0.0	26648.0	0.0	1486.0	0.00067294749897	0.0	0.0	0.0	0.0	2.4414536953	0.841632068157	0.0	25.3487472534
20150521	0.0	26551.0	0.0	1484.0	0.000673854432534	0.0	0.0	0.0	0.0	2.41509437561	0.84803211689	0.0	24.5516433716
20150522	0.0	26544.0	0.0	1483.0	0.000674308859743	0.0	0.0	0.0	0.0	2.44504380226	0.847259819508	0.0	24.5479850769
20150523	0.0	26452.0	0.0	1482.0	0.00134952762164	0.0	0.0	0.0	2.63223398633e-07	2.46761131287	0.791345536709	0.0	25.3288345337
20150524	0.0	26439.0	0.0	1483.0	0.000674308859743	0.0	0.0	0.0	0.0	2.46527314186	0.802209556103	0.0	24.790435791
20150525	0.0	26464.0	0.0	1483.0	0.000674308859743	0.0	0.0	0.0	0.0	2.41739702225	0.908596992493	57.3040847778	23.8312034607
20150526	0.0	26647.0	0.0	1481.0	0.000675219460391	0.0	0.0	0.0	0.0	2.42943954468	0.834215700626	242.695922852	23.8382053375
20150527	0.0	26486.0	0.0	1484.0	0.000673854432534	0.0	0.0	0.0	0.0	2.44339632988	0.868645071983	0.0	24.6562366486
20150528	0.0	26528.0	0.0	1485.0	0.00067340064561	0.0	0.0	0.0	0.0	2.39191937447	0.811242222786	0.0	24.4856033325
20150529	0.0	26569.0	0.0	1485.0	0.00067340064561	0.0	0.0	0.0	0.0	2.46060609818	0.839963138103	141.114135742	24.5701313019
20150530	0.0	26622.0	0.0	1482.0	0.000674763810821	0.0	0.0	0.0	0.0	2.45344114304	0.93694704771	300.0	24.9401302338
20150531	0.0	26442.0	0.0	1483.0	0.000674308859743	0.0	0.0	0.0	0.0	2.42953467369	0.863831698895	0.0	25.6694602966
20150601	0.0	26463.0	0.0	1484.0	0.000673854432534	0.000673854432534	0.0	0.0	0.0	2.43463611603	0.862165689468	0.0	25.7936344147
20150602	0.0	26457.0	0.0	1482.0	0.000674763810821	0.0	0.0	0.0	0.0	2.4399459362	0.721055626869	0.0	26.3441925049
20150603	0.0	26383.0	0.0	1482.0	0.000674763810821	0.000674763810821	0.0	0.0	0.0	2.46086359024	0.710128128529	0.0	26.7241611481
20150604	0.0	26897.0	0.0	1481.0	0.000675219460391	0.000675219460391	0.0	0.0	0.0	2.42471313477	0.706821858883	0.0	26.3149299622
20150605	0.0	26966.0	0.0	1483.0	0.000674308859743	0.000674308859743	0.0	0.0	0.0	2.47538781166	0.735368967056	0.0	25.8788776398
20150606	0.0	26936.0	0.0	1484.0	0.000673854432534	0.000673854432534	0.0	0.666666666667	0.0	2.43665766716	0.752376437187	0.0	25.2570590973
20150607	0.0	26691.0	0.0	1486.0	0.00067294749897	0.00067294749897	0.0	0.0	0.0	2.47106337547	0.771703779697	2.07156913941e-32	25.0751895905
20150608	0.0	26579.0	0.0	1483.0	0.000674308859743	0.000674308859743	0.0	0.0	0.0	2.41402578354	0.830143213272	0.0	24.6116638184
20150609	0.0	26662.0	0.0	1483.0	0.000674308859743	0.000674308859743	0.0	0.0	8.39385005946e-10	2.46122717857	0.790017008781	300.0	24.6028594971
20150610	0.0	26588.0	0.0	1482.0	0.000674763810821	0.000674763810821	0.0	0.0	4.99396524134e-09	2.42780017853	0.814822733402	0.0	24.5741500854
20150611	0.0	26419.0	0.0	1481.0	0.000675219460391	0.000675219460391	0.0	0.0	1.26289600999e-08	2.43551659584	0.878979921341	0.0	24.15675354
20150612	0.0	26800.0	0.0	1480.0	0.000675675692037	0.000675675692037	0.0	0.0	7.57692291131e-08	2.39864873886	0.840346992016	141.114135742	25.7697792053
20150613	0.0	28357.0	0.0	1479.0	0.00067613250576	0.00067613250576	0.0	0.0	2.27062415092e-07	2.39756584167	0.857484340668	0.0	25.8712005615
20150614	0.0	28245.0	0.0	1478.0	0.000676589959767	0.000676589959767	0.0	0.0	1.30840010115e-06	2.60148835182	0.809637188911	0.0	26.6024913788
20150615	0.0	27965.0	0.0	1482.0	0.000674763810821	0.000674763810821	0.0	0.0	5.35088747711e-06	2.5222671032	0.807376801968	0.0	26.3337936401
20150616	0.0	28569.0	0.0	1482.0	0.000674763810821	0.000674763810821	0.0	0.0	2.54696697084e-05	2.5411605835	0.62958753109	0.0	26.7584018707
20150617	0.0	30061.0	0.0	1479.0	0.00067613250576	0.00067613250576	0.0	0.0	0.000153270113515	2.66531443596	0.603508234024	2.07156913941e-32	26.4907970428
20150618	0.0	29728.0	0.0	1480.0	0.000675675692037	0.000675675692037	0.0	0.0	0.000242679539951	2.76081085205	0.832023203373	0.0	25.907087326
20150619	0.0	29477.0	0.0	1482.0	0.000674763810821	0.000674763810821	0.0	0.0	0.000221308291657	2.71592450142	0.860839664936	0.0	25.8682441711
20150620	0.0	29136.0	0.0	1482.0	0.000674763810821	0.000674763810821	0.0	0.0	0.000109498731035	2.68421053886	0.837827682495	0.0	26.3747329712
20150621	0.0	28739.0	0.0	1482.0	0.000674763810821	0.000674763810821	0.0	0.0	0.000161604577443	2.6943321228	0.69170320034	0.0	26.7738990784
20150622	0.0	28387.0	0.0	1479.0	0.00067613250576	0.00067613250576	0.0	0.0	0.000200145281269	2.60040569305	0.797433018684	0.0	26.3507442474
20150623	0.0	34023.0	0.0	1478.0	0.000676589959767	0.000676589959767	0.0	0.0	0.000232401682297	2.66847085953	0.712918877602	0.0	25.8463802338
20150624	0.0	33384.0	0.0	1480.0	0.000675675692037	0.000675675692037	0.0	0.0	0.000538836407941	3.18783783913	0.791839063168	242.695922852	26.2172908783
20150625	0.0	32778.0	0.0	1481.0	0.000675219460391	0.000675219460391	0.0	0.0	0.00022282183636	3.05131649971	0.861005663872	216.189956665	25.4306907654
20150626	0.0	34129.0	0.0	1481.0	0.000675219460391	0.000675219460391	0.0	0.0	0.000548337760847	2.97569227219	0.815220832825	0.0	25.760887146
20150627	0.0	33562.0	0.0	1478.0	0.000676589959767	0.000676589959767	0.0	0.0	0.000353038340108	3.17253065109	0.836658239365	0.0	26.084526062
20150628	0.0	33374.0	0.0	1480.0	0.000675675692037	0.000675675692037	0.0	0.0	0.000616775185335	3.09864878654	0.866378903389	0.0	26.112285614
20150629	0.0	33791.0	0.0	1480.0	0.000675675692037	0.000675675692037	0.0	0.0	0.000563529261854	3.04662156105	0.65258961916	83.810043335	26.5405426025
20150630	0.0	33189.0	0.0	1475.0	0.000677966105286	0.000677966105286	0.0	0.0	0.000609776994679	3.12135601044	0.669346451759	0.0	26.687707901
20150701	0.0	32660.0	0.0	1476.0	0.000677506788634	0.000677506788634	0.0	0.0	0.000650248781312	3.04132795334	0.804198265076	0.0	26.4074993134
20150702	0.0	32714.0	0.0	1476.0	0.000677506788634	0.000677506788634	0.0	0.0	0.00062561861705	3.05691075325	0.816030442715	0.0	26.4275474548
20150703	0.0	32359.0	0.0	1476.0	0.000677506788634	0.000677506788634	0.0	0.0	0.000671692600008	3.02303528786	0.843967676163	0.0	26.0997524261
20150704	0.0	32004.0	0.0	1476.0	0.000677506788634	0.000677506788634	0.0	0.0	0.000658690056298	3.00745248795	0.873408019543	0.0	26.0392589569
20150705	0.0	31905.0	0.0	1480.0	0.000675675692037	0.000675675692037	0.0	0.0	0.000672683760058	2.99527025223	0.823481798172	0.0	26.1125984192
20150706	0.0	31747.0	0.0	1477.0	0.000677048054058	0.0	0.0	0.0	0.000664860708639	2.90995264053	0.835744798183	2.21090381558e-08	25.8893241882
20150707	0.0	31638.0	0.0	1477.0	0.000677048054058	0.000677048054058	0.0	0.0	0.000665910018142	2.89573454857	0.848035931587	0.0	26.346031189
20150708	0.0	32482.0	0.0	1480.0	0.00135135138407	0.000675675692037	0.0	0.0	0.000645197520498	2.93040537834	0.793846607208	0.0	27.1036071777
20150709	0.0	32238.0	0.0	1482.0	0.00134952762164	0.000674763810821	0.0	0.0	0.00061509286752	2.9817814827	0.836669564247	300.0	26.0979442596
20150710	0.0	32087.0	0.0	1481.0	0.00135043892078	0.000675219460391	0.0	0.0	0.00054846284911	2.96488857269	0.887784719467	0.0	25.7480735779
20150711	0.0	34053.0	0.0	1480.0	0.000675675692037	0.000675675692037	0.0	0.0	0.000493197294418	2.99527025223	0.888570606709	0.0	26.6039733887
20150712	0.0	35195.0	0.0	1479.0	0.00135226501152	0.00067613250576	0.0	0.0	0.000430301734013	3.0892496109	0.825450003147	0.0	26.6721477509
20150713	0.0	34670.0	0.0	1478.0	0.000676589959767	0.000676589959767	0.0	0.0	0.000402558071073	3.27334213257	0.811922550201	262.484710693	26.4739646912
20150714	0.0	34150.0	0.0	1481.0	0.000675219460391	0.0	0.0	0.0	0.000344605796272	3.20054030418	0.852266311646	280.211212158	26.241853714
20150715	0.0	33878.0	0.0	1481.0	0.000675219460391	0.000675219460391	0.0	0.0	0.000281565764453	3.08845376968	0.906969606876	141.114135742	24.7897205353
20150716	0.0	34006.0	0.0	1478.0	0.000676589959767	0.000676589959767	0.0	0.0	0.000223478273256	3.09133958817	0.868380248547	0.0	25.1754837036
20150717	0.0	33463.0	0.0	1478.0	0.000676589959767	0.0	0.0	0.0	0.000174657354364	3.12652230263	0.833709061146	300.0	25.6846866608
20150718	0.0	33130.0	0.0	1478.0	0.000676589959767	0.000676589959767	0.0	0.0	0.000131820008392	3.1116373539	0.880700588226	19.7887878418	25.6315689087
20150719	0.0	32755.0	0.0	1477.0	0.000677048054058	0.000677048054058	0.0	0.0	9.99113544822e-05	3.07379817963	0.879831373692	0.0	25.5405788422
20150720	0.0	32713.0	0.0	1478.0	0.000676589959767	0.000676589959767	0.0	0.0	7.10163512849e-05	3.00608921051	0.832054376602	0.0	26.1336174011
20150721	0.0	32711.0	0.0	1481.0	0.000675219460391	0.000675219460391	0.0	0.0	5.26405347046e-05	2.98447012901	0.898320436478	0.0	25.7153682709
20150722	0.0	32367.0	0.0	1479.0	0.00067613250576	0.00067613250576	0.0	0.0	3.69229455828e-05	3.04192018509	0.888510704041	37.515296936	26.2436180115
20150723	0.0	32640.0	0.0	1479.0	0.00067613250576	0.00067613250576	0.0	0.0	3.18837082887e-05	3.01960778236	0.836315095425	5.22026999406e-09	26.6972980499
20150724	0.0	32459.0	0.0	1480.0	0.000675675692037	0.000675675692037	0.0	0.0	2.34255676332e-05	3.07635140419	0.820047259331	280.211212158	26.5764732361
20150725	0.0	32249.0	0.0	1479.0	0.00067613250576	0.00067613250576	0.0	0.0	2.34723811445e-05	2.94050049782	0.851837277412	19.7887878418	26.1755943298
20150726	0.0	34535.0	0.0	1475.0	0.000677966105286	0.000677966105286	0.0	0.0	1.85089884326e-05	2.9633898735	0.834049701691	300.0	26.2051181793
20150727	0.0	34372.0	0.0	1476.0	0.000677506788634	0.000677506788634	0.0	0.0	1.64343600773e-05	3.2032520771	0.815652549267	0.0	25.9176464081
20150728	0.0	33969.0	0.0	1475.0	0.000677966105286	0.0	0.0	0.0	1.29241007016e-05	3.2027118206	0.783828139305	0.0	26.1371917725
20150729	0.0	33847.0	0.0	1476.0	0.000677506788634	0.000677506788634	0.0	0.0	1.17485142255e-05	3.07926821709	0.856388509274	300.0	26.2283706665
20150730	0.0	35323.0	0.0	1480.0	0.000675675692037	0.0	0.0	0.0	8.81157939148e-06	3.14324331284	0.83643758297	300.0	26.5054798126
20150731	0.0	36670.0	0.0	1477.0	0.000677048054058	0.000677048054058	0.0	0.0	1.08909634946e-05	3.29790115356	0.813956141472	300.0	26.6627540588
20150801	0.0	37033.0	0.0	1474.0	0.000678426062223	0.0	0.0	0.0	8.10537312645e-06	3.36499333382	0.830073416233	2.07156913941e-32	26.8957080841
20150802	0.0	36225.0	0.0	1478.0	0.000676589959767	0.000676589959767	0.0	0.0	1.14116273835e-05	3.35994577408	0.819271028042	0.0	27.2323818207
20150803	0.0	37735.0	0.0	1478.0	0.000676589959767	0.000676589959767	0.0	0.0	8.26662380859e-06	3.31799721718	0.84565705061	0.0	26.6437187195
20150804	0.0	37318.0	0.0	1477.0	0.000677048054058	0.000677048054058	0.0	0.0	1.07362830022e-05	3.58226132393	0.851763904095	178.6746521	26.1107616425
20150805	0.0	36872.0	0.0	1476.0	0.000677506788634	0.000677506788634	0.0	0.0	8.17882846604e-06	3.42005419731	0.842428445816	242.695922852	26.1425094604
20150806	0.0	36628.0	0.0	1476.0	0.000677506788634	0.000677506788634	0.0	0.0	8.6540421762e-06	3.40379405022	0.897624492645	141.114135742	24.9343166351
20150807	0.0	36315.0	0.0	1475.0	0.000677966105286	0.000677966105286	0.0	0.0	6.91480863679e-06	3.33016943932	0.86540055275	0.0	25.1594028473
20150808	0.0	36351.0	0.0	1474.0	0.000678426062223	0.000678426062223	0.0	0.0	6.36714685243e-06	3.32700133324	0.927275002003	0.0	24.7143688202
20150809	0.0	36030.0	0.0	1478.0	0.000676589959767	0.000676589959767	0.0	0.0	4.83346912006e-06	3.3545331955	0.960614323616	0.0	24.0085258484
20150810	0.0	37959.0	0.0	1475.0	0.000677966105286	0.0	0.0	0.0	4.24401696364e-06	3.21152544022	0.887674212456	0.0	26.0970363617
20150811	0.0	37393.0	0.0	1474.0	0.000678426062223	0.000678426062223	0.0	0.0	3.21932884617e-06	3.51560378075	0.816034495831	0.0	26.3816318512
20150812	0.0	38564.0	0.0	1472.0	0.000679347838741	0.000679347838741	0.0	0.0	3.43855549545e-06	3.41372275352	0.823351264	0.0	26.0963611603
20150813	0.0	37705.0	0.0	1475.0	0.00135593221057	0.000677966105286	0.0	0.0	2.60139790953e-06	3.60542392731	0.828119337559	0.0	26.232416153
20150814	0.0	37221.0	0.0	1478.0	0.000676589959767	0.0	0.0	0.0	3.78620779884e-06	3.4857916832	0.849060475826	196.401168823	26.0379505157
20150815	0.0	39324.0	0.0	1476.0	0.000677506788634	0.0	0.0	0.0	2.86927115667e-06	3.38143634796	0.833850741386	0.0	27.0481147766
20150816	0.0	40853.0	0.0	1475.0	0.000677966105286	0.0	0.0	0.0	3.53173550138e-06	3.69288134575	0.89237678051	0.0	24.4584903717
20150817	0.0	41856.0	0.0	1475.0	0.000677966105286	0.0	0.0	0.0	2.6652910492e-06	3.78711867332	0.923939824104	7.81507059549e-19	24.1046638489
20150818	0.0	41137.0	0.0	1473.0	0.000678886601236	0.0	0.0	0.0	2.71420344689e-06	3.93754243851	0.872025251389	37.515296936	24.9635314941
20150819	0.0	33134.0	0.0	1475.0	0.000677966105286	0.0	0.0	0.0	2.03192280424e-06	3.79999995232	0.88863670826	0.0	25.561630249
20150820	0.0	32992.0	0.0	1473.0	0.000678886601236	0.0	0.0	0.0	1.69199836364e-06	3.05838441849	0.912026405334	300.0	25.27318573
20150821	0.0	33065.0	0.0	1473.0	0.000678886601236	0.000678886601236	0.0	0.0	1.25060796563e-06	3.02919220924	0.855192482471	0.0	25.7989749908
20150822	0.0	33891.0	0.0	1471.0	0.000679809658322	0.000679809658322	0.0	0.0	9.63414663602e-07	3.10876941681	0.884864270687	3.91002501487e-08	25.5283241272
20150823	0.0	35178.0	0.0	1469.0	0.000680735218339	0.000680735218339	0.0	0.0	6.92981586781e-07	3.15044236183	0.848866760731	0.0	25.5513839722
20150824	0.0	35833.0	0.0	1474.0	0.000678426062223	0.000678426062223	0.0	0.0	5.50461095372e-07	3.25169610977	0.870517730713	83.810043335	25.1032714844
20150825	0.0	35629.0	0.0	1475.0	0.000677966105286	0.0	0.0	0.0	4.06267048447e-07	3.29220342636	0.915368914604	141.114135742	24.4134731293
20150826	0.0	35690.0	0.0	1471.0	0.000679809658322	0.000679809658322	0.0	0.0	3.8854548734e-07	3.33106732368	0.85383617878	0.0	24.7727470398
20150827	0.0	35387.0	0.0	1473.0	0.000678886601236	0.000678886601236	0.0	0.0	2.97327943599e-07	3.33129668236	0.888160467148	280.211212158	25.0033435822
20150828	0.0	35350.0	0.0	1476.0	0.000677506788634	0.000677506788634	0.0	0.0	4.34594483067e-07	3.29471540451	0.88736307621	262.484710693	24.983537674
20150829	0.0	34817.0	0.0	1477.0	0.000677048054058	0.0	0.0	0.0	3.27911806153e-07	3.2058224678	0.886533915997	57.3040847778	25.1659965515
20150830	0.0	34273.0	0.0	1476.0	0.000677506788634	0.000677506788634	0.0	0.0	7.22422214494e-07	3.15718150139	0.891881346703	158.885864258	25.3876094818
20150831	0.0	34504.0	0.0	1477.0	0.000677048054058	0.0	0.0	0.0	5.42775239865e-07	3.1807718277	0.884999513626	0.0	25.0563812256
20150901	0.0	35698.0	0.0	1476.0	0.000677506788634	0.000677506788634	0.0	0.0	1.40192162235e-06	3.16260170937	0.861143767834	0.0	25.3458023071
20150902	0.0	35560.0	0.0	1475.0	0.000677966105286	0.0	0.0	0.0	1.02228977994e-06	3.30644059181	0.862348973751	2.07156913941e-32	25.0164165497
20150903	0.0	35222.0	0.0	1476.0	0.000677506788634	0.000677506788634	0.0	0.0	2.94621941066e-06	3.34010839462	0.825130879879	0.0	25.687746048
20150904	0.0	33713.0	0.0	1476.0	0.000677506788634	0.0	0.0	0.0	2.23911547437e-06	3.28794026375	0.842762589455	0.0	25.452041626
20150905	0.0	33771.0	0.0	1477.0	0.000677048054058	0.000677048054058	0.0	0.0	4.30544832852e-06	3.17197036743	0.853306591511	2.48626577104e-08	25.4794902802
20150906	0.0	33643.0	0.0	1474.0	0.000678426062223	0.000678426062223	0.0	0.0	3.4651286569e-06	3.11940312386	0.835335850716	0.0	25.6019592285
20150907	0.0	35486.0	0.0	1474.0	0.000678426062223	0.000678426062223	0.0	0.0	5.01139629705e-06	3.10447764397	0.859066426754	300.0	25.1729927063
20150908	0.0	35366.0	0.0	1475.0	0.000677966105286	0.000677966105286	0.0	0.0	3.74883416043e-06	3.24338984489	0.894145429134	121.325340271	24.4623241425
20150909	0.0	35153.0	0.0	1477.0	0.000677048054058	0.000677048054058	0.0	0.0	4.44865008831e-06	3.1570751667	0.882459938526	300.0	25.0481491089
20150910	0.0	34664.0	0.0	1475.0	0.000677966105286	0.0	0.0	0.0	3.27880411533e-06	3.32135605812	0.86223334074	0.0	25.2135448456
20150911	0.0	34904.0	0.0	1475.0	0.000677966105286	0.0	0.0	0.0	3.92232004742e-06	3.21220350266	0.8156722188	0.0	26.0730361938
20150912	0.0	35465.0	0.0	1475.0	0.000677966105286	0.0	0.0	0.0	2.82755127046e-06	3.24338960648	0.832184433937	0.0	25.5083580017
20150913	0.0	35167.0	0.0	1479.0	0.00067613250576	0.00067613250576	0.0	0.0	3.74232422473e-06	3.27315759659	0.873387098312	0.0	24.6619873047
20150914	0.0	36428.0	0.0	1479.0	0.00067613250576	0.00067613250576	0.0	0.0	2.8233894227e-06	3.20757269859	0.873186409473	0.0	24.6723537445
20150915	0.0	37434.0	0.0	1479.0	0.00067613250576	0.00067613250576	0.0	0.0	3.29858403347e-06	3.37390136719	0.872574687004	300.0	24.1781024933
20150916	0.0	37397.0	0.0	1475.0	0.000677966105286	0.0	0.0	0.0	2.61622312792e-06	3.35593223572	0.869430065155	280.211212158	24.5526065826
20150917	0.0	38080.0	0.0	1473.0	0.000678886601236	0.000678886601236	0.0	0.0	2.62507660409e-06	3.46096420288	0.868267178535	0.0	25.0596313477
20150918	0.0	37290.0	0.0	1475.0	0.000677966105286	0.000677966105286	0.0	0.0	1.88937826806e-06	3.48474574089	0.883283674717	0.0	24.9375782013
20150919	0.0	36645.0	0.0	1474.0	0.000678426062223	0.000678426062223	0.0	0.0	1.94493964045e-06	3.40027141571	0.87271130085	0.0	25.6413993835
20150920	0.0	35824.0	0.0	1474.0	0.000678426062223	0.000678426062223	0.0	0.0	1.40082636335e-06	3.39213037491	0.848083794117	0.0	25.9770469666
20150921	0.0	35146.0	0.0	1476.0	0.000677506788634	0.000677506788634	0.0	0.0	2.23959932555e-06	3.31368565559	0.863754570484	0.0	25.478603363
20150922	0.0	34755.0	0.0	1477.0	0.000677048054058	0.0	0.0	0.0	1.7089356561e-06	3.27285027504	0.850294649601	1.53702666621e-30	25.7120475769
20150923	0.0	34722.0	0.0	1475.0	0.000677966105286	0.000677966105286	0.0	0.0	3.19844116348e-06	3.20542359352	0.865119457245	0.0	25.5214271545
20150924	0.0	34438.0	0.0	1478.0	0.000676589959767	0.000676589959767	0.0	0.0	2.55189934251e-06	3.14140725136	0.889835059643	0.0	25.3833427429
20150925	0.0	36261.0	0.0	1477.0	0.000677048054058	0.000677048054058	0.0	0.0	3.65740675079e-06	3.21123886108	0.890901088715	0.0	24.5672550201
20150926	0.0	36766.0	0.0	1478.0	0.000676589959767	0.0	0.0	0.0	2.77364961221e-06	3.32746958733	0.897876858711	300.0	24.8230247498
20150927	0.0	38096.0	0.0	1481.0	0.000675219460391	0.0	0.0	0.0	3.65786127077e-06	3.33423376083	0.884950578213	19.7887878418	24.9230422974
20150928	0.0	37505.0	0.0	1483.0	0.000674308859743	0.0	0.0	0.0	2.75659022009e-06	3.59069466591	0.90403264761	57.3040847778	24.3906822205
20150929	0.0	36794.0	0.0	1481.0	0.000675219460391	0.000675219460391	0.0	0.0	4.5340007091e-06	3.50708985329	0.960170388222	19.7887878418	23.5211658478
20150930	0.0	36556.0	0.0	1480.0	0.000675675692037	0.0	0.0	0.0	3.4038157537e-06	3.36486506462	0.962889075279	83.810043335	23.6127300262
20151001	0.0	29499.0	0.0	1480.0	0.000675675692037	0.0	0.0	0.0	5.47894114789e-06	3.3864865303	0.927937209606	0.0	24.3364067078
20151002	0.0	29927.0	0.0	1482.0	0.000674763810821	0.0	0.0	0.0	4.05141827287e-06	2.67408919334	0.930822789669	0.0	23.925327301
20151003	0.0	30199.0	0.0	1486.0	0.00067294749897	0.00067294749897	0.0	0.0	4.90612819704e-06	2.79744291306	0.978278279305	242.695922852	22.9028186798
20151004	0.0	32007.0	0.0	1484.0	0.000673854432534	0.000673854432534	0.0	0.0	3.53973314304e-06	2.79245281219	0.956578850746	5.22026999406e-09	22.401714325
20151005	0.0	33592.0	0.0	1488.0	0.000672043010127	0.000672043010127	0.0	0.0	3.29298291035e-06	2.99059152603	0.913943827152	300.0	23.7730827332
20151006	0.0	33171.0	0.0	1484.0	0.000673854432534	0.000673854432534	0.0	0.0	2.32230331676e-06	3.11994624138	0.929932236671	280.211212158	23.5429382324
20151007	0.0	32779.0	0.0	1481.0	0.000675219460391	0.000675219460391	0.0	0.0	1.98446923605e-06	3.04388928413	0.921545267105	300.0	24.2137508392
20151008	0.0	32426.0	0.0	1483.0	0.000674308859743	0.0	0.0	0.0	1.46457728079e-06	2.99393129349	0.937384665012	1.1322173508e-30	23.6803703308
20151009	0.0	26127.0	0.0	1482.0	0.000674763810821	0.000674763810821	0.0	0.0	1.35091067932e-06	3.0	0.87799423933	1.16622045354e-08	25.0963497162
20151010	0.0	26388.0	0.0	1482.0	0.000674763810821	0.000674763810821	0.0	0.0	1.03205911728e-06	2.32186245918	0.882340371609	1.52085188746e-31	25.1548595428
20151011	0.0	26788.0	0.0	1483.0	0.000674308859743	0.000674308859743	0.0	0.0	1.22600283703e-06	2.46931910515	0.860514581203	0.0	25.5889854431
20151012	0.0	27009.0	0.0	1481.0	0.000675219460391	0.000675219460391	0.0	0.0	9.00759744127e-07	2.42673873901	0.843983590603	300.0	25.0246620178
20151013	0.0	27382.0	0.0	1481.0	0.000675219460391	0.000675219460391	0.0	0.0	1.67018652064e-06	2.51991891861	0.833860039711	0.0	25.6080589294
20151014	0.0	27742.0	0.0	1480.0	0.000675675692037	0.000675675692037	0.0	0.0	1.29201748678e-06	2.5317568779	0.874063551426	0.0	24.1897010803
20151015	0.0	27949.0	0.0	1478.0	0.000676589959767	0.000676589959767	0.0	0.0	3.23882318298e-06	2.51217865944	0.880314171314	0.0	24.6210098267
20151016	0.0	29028.0	0.0	1481.0	0.000675219460391	0.0	0.0	0.0	2.56674456978e-06	2.51316690445	0.857306420803	300.0	25.1403713226
20151017	0.0	28790.0	0.0	1478.0	0.000676589959767	0.000676589959767	0.0	0.0	6.0154447965e-06	2.65629243851	0.874302148819	0.0	24.4724884033
20151018	0.0	29188.0	0.0	1480.0	0.000675675692037	0.0	0.0	0.0	4.5695346671e-06	2.64729714394	0.813655257225	0.0	25.5142040253
20151019	0.0	28090.0	0.0	1480.0	0.000675675692037	0.0	0.0	0.0	7.6142537182e-06	2.74391889572	0.837636888027	0.0	25.1089801788
20151020	0.0	34701.0	0.0	1480.0	0.000675675692037	0.0	0.0	0.0	5.76994807489e-06	2.61621618271	0.882625758648	0.0	24.2681312561
20151021	0.0	34225.0	0.0	1481.0	0.000675219460391	0.0	0.0	0.0	7.93251274445e-06	3.25185680389	0.862985610962	0.0	24.3318881989
20151022	0.0	35161.0	0.0	1479.0	0.00067613250576	0.0	0.0	0.0	6.00747398494e-06	3.11088562012	0.874880731106	0.0	24.4272937775
20151023	0.0	34397.0	0.0	1481.0	0.000675219460391	0.0	0.0	0.0	7.4185950325e-06	3.27954077721	0.827633023262	0.0	25.0130672455
20151024	0.0	35268.0	0.0	1482.0	0.000674763810821	0.0	0.0	0.0	5.58096826353e-06	3.19635629654	0.808772027493	300.0	24.5728263855
20151025	0.0	36083.0	0.0	1483.0	0.000674308859743	0.0	0.0	0.0	5.78159415454e-06	3.21577882767	0.905426263809	0.0	24.0285682678
20151026	0.0	36162.0	0.0	1481.0	0.000675219460391	0.0	0.0	0.0	4.31256012234e-06	3.35381507874	0.978761851788	0.0	21.9997825623
20151027	0.0	35607.0	0.0	1482.0	0.000674763810821	0.000674763810821	0.0	0.0	3.88411990571e-06	3.32388663292	0.975478053093	196.401168823	22.0131855011
20151028	0.0	34754.0	0.0	1480.0	0.000675675692037	0.000675675692037	0.0	0.0	2.83576491711e-06	3.27567577362	0.933161318302	0.0	23.2175483704
20151029	0.0	33889.0	0.0	1482.0	0.000674763810821	0.000674763810821	0.0	0.0	2.22401445171e-06	3.11268544197	0.94541913271	300.0	23.0267467499
20151030	0.0	27138.0	0.0	1480.0	0.000675675692037	0.000675675692037	0.0	0.0	1.60232070812e-06	3.07500004768	0.891961336136	19.7887878418	24.5340137482
20151031	0.0	27394.0	0.0	1479.0	0.00067613250576	0.00067613250576	0.0	0.0	1.2989720517e-06	2.51994585991	0.884131014347	37.515296936	25.4262886047
20151101	0.0	28932.0	0.0	1478.0	0.000676589959767	0.0	0.0	0.0	9.77959643933e-07	2.60487151146	0.849436998367	2.07952488518e-32	25.4917068481
20151102	0.0	28889.0	0.0	1480.0	0.000675675692037	0.000675675692037	0.0	0.0	9.16533167583e-07	2.63445949554	0.863030254841	262.484710693	24.9789447784
20151103	0.0	28946.0	0.0	1478.0	0.000676589959767	0.000676589959767	0.0	0.0	7.34064769858e-07	2.6535859108	0.877543866634	1.12961687518e-30	24.2144374847
20151104	0.0	28757.0	0.0	1476.0	0.000677506788634	0.000677506788634	0.0	0.0	9.30033820623e-07	2.69105696678	0.873488485813	158.885864258	24.5226974487
20151105	0.0	29982.0	0.0	1477.0	0.000677048054058	0.000677048054058	0.0	0.0	7.09954690592e-07	2.65741372108	0.80783957243	0.0	24.9075393677
20151106	0.0	29540.0	0.0	1477.0	0.000677048054058	0.000677048054058	0.0	0.0	1.29448244479e-06	2.81448888779	0.889924228191	0.0	24.3590259552
20151107	0.0	30194.0	0.0	1477.0	0.000677048054058	0.0	0.0	0.0	9.6123142157e-07	2.78943800926	0.937456011772	0.0	23.4604358673
20151108	0.0	29718.0	0.0	1478.0	0.000676589959767	0.000676589959767	0.0	0.0	2.36004939325e-06	2.84506082535	0.91574203968	0.0	23.3989181519
20151109	0.0	29827.0	0.0	1475.0	0.000677966105286	0.000677966105286	0.0	0.0	1.74232616246e-06	2.77423715591	0.900891363621	300.0	23.8948440552
20151110	0.0	29244.0	0.0	1478.0	0.000676589959767	0.0	0.0	0.0	3.8713660615e-06	2.72530460358	0.912293672562	0.0	24.0464954376
20151111	0.0	29231.0	0.0	1476.0	0.000677506788634	0.0	0.0	0.0	2.94550955005e-06	2.71138215065	0.930097222328	0.0	22.9515609741
20151112	0.0	29188.0	0.0	1476.0	0.000677506788634	0.000677506788634	0.0	0.0	4.51409732705e-06	2.74051499367	0.882236003876	0.0	23.5498638153
20151113	0.0	30520.0	0.0	1478.0	0.000676589959767	0.0	0.0	0.0	3.53890663973e-06	2.70365357399	0.880665302277	0.0	23.9757423401
20151114	0.0	30199.0	0.0	1476.0	0.000677506788634	0.000677506788634	0.0	0.0	4.18045647166e-06	2.85162615776	0.91923481226	0.0	24.3557701111
20151115	0.0	29879.0	0.0	1476.0	0.000677506788634	0.0	0.0	0.0	3.16190016747e-06	2.77574515343	0.948400735855	0.0	23.4175376892
20151116	0.0	30993.0	0.0	1477.0	0.000677048054058	0.0	0.0	0.0	3.17173544317e-06	2.74272179604	0.907144606113	0.0	24.2187767029
20151117	0.0	29720.0	0.0	1478.0	0.000676589959767	0.0	0.0	0.0	2.38177358369e-06	2.83085250854	0.896268010139	0.0	24.4384479523
20151118	0.0	30985.0	0.0	1479.0	0.00067613250576	0.00067613250576	0.0	0.0	2.72317265626e-06	2.71602416039	0.903756141663	242.695922852	23.8037776947
20151119	0.0	30965.0	0.0	1478.0	0.00135317991953	0.000676589959767	0.0	0.0	5.41774306839e-06	2.92557501793	0.899992406368	0.0	23.5621147156
20151120	0.0	30687.0	0.0	1472.0	0.000679347838741	0.000679347838741	0.0	0.0	2.59416424342e-06	2.8872282505	0.843965947628	0.0	23.4461803436
20151121	0.0	29992.0	0.0	1473.0	0.000678886601236	0.0	0.0	0.0	1.88124613487e-06	2.90767145157	0.832497417927	0.0	23.4116802216
20151122	0.0	30852.0	0.0	1479.0	0.00067613250576	0.00067613250576	0.0	0.0	2.08202141039e-06	2.79580807686	0.861772239208	0.0	22.9595451355
20151123	0.0	30941.0	0.0	1478.0	0.00135317991953	0.000676589959767	0.0	0.0	1.60388867698e-06	2.80649518967	0.8504576087	0.0	23.9258785248
20151124	0.0	30933.0	0.0	1477.0	0.000677048054058	0.000677048054058	0.0	0.0	1.60019237683e-06	2.83141493797	0.866609930992	0.0	23.8991088867
20151125	0.0	24911.0	0.0	1479.0	0.00067613250576	0.00067613250576	0.0	0.0	1.16001513106e-06	2.84178495407	0.852181911469	0.0	24.4639015198
20151126	0.0	24999.0	0.0	1476.0	0.000677506788634	0.000677506788634	0.0	0.0	1.20725064789e-06	2.25609755516	0.841102898121	0.0	24.736366272
20151127	0.0	25313.0	0.0	1478.0	0.000676589959767	0.000676589959767	0.0	0.0	9.22874050957e-07	2.28213810921	0.848160803318	0.0	23.8163776398
20151128	0.0	31049.0	0.0	1478.0	0.000676589959767	0.000676589959767	0.0	0.0	1.0968949482e-06	2.28958034515	0.84911108017	0.0	23.5274448395
20151129	0.0	32070.0	0.0	1475.0	0.000677966105286	0.000677966105286	0.0	0.0	8.81105506778e-07	2.8555932045	0.865428864956	0.0	23.6297550201
20151130	0.0	31630.0	0.0	1479.0	0.00067613250576	0.00067613250576	0.0	0.0	1.55580823957e-06	3.00540924072	0.86213773489	0.0	23.5975131989
20151201	0.0	31390.0	0.0	1479.0	0.00067613250576	0.0	0.0	0.0	1.17511149256e-06	2.89519929886	0.821814477444	0.0	23.1070156097
20151202	0.0	30735.0	0.0	1477.0	0.000677048054058	0.000677048054058	0.0	0.0	2.85859277938e-06	2.89438056946	0.852156639099	0.0	22.8121776581
20151203	0.0	30375.0	0.0	1479.0	0.00067613250576	0.0	0.0	0.0	2.13931116377e-06	2.7985124588	0.862362086773	0.0	22.945848465
20151204	0.0	24456.0	0.0	1480.0	0.000675675692037	0.0	0.0	0.0	3.93066284232e-06	2.81418919563	0.852397203445	0.0	23.5122661591
20151205	0.0	24991.0	0.0	1478.0	0.000676589959767	0.0	0.0	0.0	2.9073830774e-06	2.27875518799	0.858185172081	0.0	23.600446701
20151206	0.0	25118.0	0.0	1475.0	0.000677966105286	0.000677966105286	0.0	0.0	4.42643386123e-06	2.34305095673	0.872935593128	0.0	23.2182254791
20151207	0.0	25484.0	0.0	1474.0	0.000678426062223	0.000678426062223	0.0	0.0	3.24891880155e-06	2.33310699463	0.831775665283	0.0	23.9384937286
20151208	0.0	25301.0	0.0	1476.0	0.000677506788634	0.000677506788634	0.0	0.0	3.80586993742e-06	2.37262892723	0.841258406639	0.0	23.6078243256
20151209	0.0	26330.0	0.0	1473.0	0.000678886601236	0.0	0.0	0.0	2.81947063741e-06	2.32790207863	0.910215258598	0.0	22.2778244019
20151210	0.0	26101.0	0.0	1475.0	0.000677966105286	0.000677966105286	0.0	0.0	2.71737758339e-06	2.35457634926	0.950873911381	0.0	21.7288208008
20151211	0.0	25987.0	0.0	1476.0	0.000677506788634	0.000677506788634	0.0	0.0	2.02521482606e-06	2.39498639107	0.879401922226	196.401168823	23.4976406097
20151212	0.0	25854.0	0.0	1479.0	0.00067613250576	0.00067613250576	0.0	0.0	1.90903620023e-06	2.32995271683	0.895304977894	0.0	23.2950649261
20151213	0.0	25793.0	0.0	1476.0	0.000677506788634	0.0	0.0	0.0	1.43816896525e-06	2.39972901344	0.910931527615	0.0	22.8923358917
20151214	0.0	24637.0	0.0	1480.0	0.000675675692037	0.000675675692037	0.0	0.0	1.57283056978e-06	2.39729738235	0.846026539803	0.0	23.5429058075
20151215	0.0	24504.0	0.0	1481.0	0.000675219460391	0.000675219460391	0.0	0.0	1.22604581065e-06	2.29439544678	0.855341672897	0.0	23.4201984406
20151216	0.0	24435.0	0.0	1477.0	0.000677048054058	0.000677048054058	0.0	0.0	1.93071855392e-06	2.35341906548	0.880925297737	0.0	23.1620998383
20151217	0.0	25023.0	0.0	1476.0	0.000677506788634	0.000677506788634	0.0	0.0	1.47554783325e-06	2.27981042862	0.857310414314	0.0	23.1128120422
20151218	0.0	25080.0	0.0	1476.0	0.000677506788634	0.000677506788634	0.0	0.0	2.68753228738e-06	2.29200530052	0.728806078434	0.0	22.8985118866
20151219	0.0	24967.0	0.0	1477.0	0.000677048054058	0.0	0.0	0.0	2.04843786378e-06	2.32024383545	0.881016075611	0.0	22.5013484955
20151220	0.0	20067.0	0.0	1476.0	0.000677506788634	0.0	0.0	0.0	3.74910359824e-06	2.26083993912	0.850744843483	0.0	23.0147628784
20151221	0.0	20408.0	0.0	1477.0	0.000677048054058	0.000677048054058	0.0	0.0	2.86623799184e-06	1.87542319298	0.855386793613	0.0	23.0781345367
20151222	0.0	20728.0	0.0	1478.0	0.000676589959767	0.0	0.0	0.0	4.4646335482e-06	1.87686061859	0.880694687366	0.0	22.1527042389
20151223	0.0	20886.0	0.0	1479.0	0.00067613250576	0.0	0.0	0.0	3.38112135978e-06	1.96957397461	0.709783673286	0.0	22.4662094116
20151224	0.0	20209.0	0.0	1480.0	0.00135135138407	0.000675675692037	0.0	0.0	0.000574724748731	1.95067560673	0.720332384109	0.0	23.4373931885
20151225	0.0	20340.0	0.0	1482.0	0.00202429154888	0.00134952762164	0.0	0.0	0.000516397936735	1.89068830013	0.866518855095	0.0	23.5462837219
20151226	0.0	20376.0	0.0	1480.0	0.00135135138407	0.000675675692037	0.0	0.0	0.000489461002871	1.86418914795	0.874184370041	0.0	23.9714355469
20151227	0.0	20535.0	0.0	1480.0	0.00135135138407	0.0	0.0	0.0	0.000402008212404	1.87432432175	0.848325788975	0.0	22.9861736298
20151228	0.0	20490.0	0.0	1479.0	0.00067613250576	0.0	0.0	0.0	4.01264196626e-06	1.87018251419	0.844916820526	0.0	22.877746582
20151229	0.0	20588.0	0.0	1475.0	0.000677966105286	0.0	0.0	0.0	3.02234820992e-06	1.86915254593	0.855006754398	0.0	23.5091018677
20151230	0.0	20585.0	0.0	1477.0	0.000677048054058	0.000677048054058	0.0	0.0	3.09657434627e-06	1.8835477829	0.856386184692	0.0	23.0028076172
20151231	0.0	20749.0	0.0	1480.0	0.000675675692037	0.0	0.0	0.0	2.29352872338e-06	1.89391899109	0.790149867535	0.0	23.1243019104
20160101	0.0	20835.0	0.0	1477.0	0.000677048054058	0.000677048054058	0.0	0.0	1.94741005544e-06	1.93026411533	0.903947174549	0.0	22.0463562012
20160102	0.0	21538.0	0.0	1474.0	0.000678426062223	0.0	0.0	0.0	1.41295834055e-06	1.94708275795	0.941335737705	0.0	21.0925788879
20160103	0.0	21214.0	0.0	1477.0	0.000677048054058	0.000677048054058	0.0	0.0	1.08299911972e-06	1.92010831833	0.915227949619	0.0	21.5074119568
20160104	0.0	21213.0	0.0	1478.0	0.000676589959767	0.000676589959767	0.0	0.0	7.69456732996e-07	1.94857919216	0.75844669342	0.0	22.1716041565
20160105	0.0	21111.0	0.0	1482.0	0.000674763810821	0.000674763810821	0.0	0.0	6.4449278625e-07	1.97705805302	0.818890333176	0.0	21.789888382
20160106	0.0	21159.0	0.0	1480.0	0.000675675692037	0.000675675692037	0.0	0.0	4.66356226525e-07	1.92567563057	0.89732080698	0.0	21.7474479675
20160107	0.0	21029.0	0.0	1478.0	0.000676589959767	0.000676589959767	0.0	0.0	5.20124103787e-07	1.9330176115	0.726429104805	0.0	21.5848464966
20160108	0.0	16924.0	0.0	1477.0	0.000677048054058	0.000677048054058	0.0	0.0	3.81478315603e-07	1.9038592577	0.871676206589	0.0	21.8043270111
20160109	0.0	17213.0	0.0	1477.0	0.000677048054058	0.000677048054058	0.0	0.0	6.41219116915e-07	1.55653357506	0.876234233379	0.0	21.4334907532
20160110	0.0	16725.0	0.0	1476.0	0.000677506788634	0.000677506788634	0.0	0.0	4.8300034905e-07	1.60501360893	0.872789084911	0.0	22.2984256744
20160111	0.0	16964.0	0.0	1474.0	0.000678426062223	0.000678426062223	0.0	0.0	1.1170743619e-06	1.58819532394	0.924510240555	0.0	22.3053722382
20160112	0.0	17222.0	0.0	1475.0	0.000677966105286	0.000677966105286	0.0	0.0	8.84728365236e-07	1.57694923878	0.94300955534	0.0	21.4283065796
20160113	0.0	17314.0	0.0	1476.0	0.000677506788634	0.000677506788634	0.0	0.0	2.58786485574e-06	1.55487799644	0.641118526459	0.0	22.0242385864
20160114	0.0	17257.0	0.0	1474.0	0.000678426062223	0.000678426062223	0.0	0.0	1.96577639144e-06	1.58073270321	0.679886817932	0.0	21.6511726379
20160115	0.0	17398.0	0.0	1475.0	0.000677966105286	0.0	0.0	0.0	4.86359840579e-06	1.60067796707	0.947613656521	0.0	22.4054203033
20160116	0.0	17312.0	0.0	1476.0	0.000677506788634	0.000677506788634	0.0	0.0	3.6425306007e-06	1.59688341618	0.634558200836	0.0	23.5021381378
20160117	0.0	17478.0	0.0	1477.0	0.000677048054058	0.000677048054058	0.0	0.0	6.35116794001e-06	1.58023011684	0.866952836514	0.0	23.5687217712
20160118	0.0	17410.0	0.0	1478.0	0.000676589959767	0.000676589959767	0.0	0.0	4.60736373498e-06	1.61434364319	0.885978102684	0.0	22.8722915649
20160119	0.0	17452.0	0.0	1476.0	0.000677506788634	0.000677506788634	0.0	0.0	7.01453473084e-06	1.60094857216	0.95788615942	0.0	22.1559238434
20160120	0.0	17455.0	0.0	1476.0	0.000677506788634	0.0	0.0	0.0	5.32638887307e-06	1.67547416687	0.867626428604	0.0	23.6199798584
20160121	0.0	17461.0	0.0	1475.0	0.000677966105286	0.0	0.0	0.0	7.38543303669e-06	1.61152553558	0.851272463799	0.0	23.288394928
20160122	0.0	17329.0	0.0	1472.0	0.000679347838741	0.0	0.0	0.0	5.8479654399e-06	1.59239137173	0.88017398119	0.0	22.9246406555
20160123	0.0	17222.0	0.0	1477.0	0.000677048054058	0.000677048054058	0.0	0.0	7.00855616742e-06	1.60054159164	0.878535032272	0.0	23.5529079437
20160124	0.0	17305.0	0.0	1477.0	0.000677048054058	0.000677048054058	0.0	0.0	5.30177430846e-06	1.57007443905	0.854411780834	0.0	22.7215003967
20160125	0.0	17342.0	0.0	1474.0	0.000678426062223	0.000678426062223	0.0	0.0	5.44103340872e-06	1.61397564411	0.878769695759	0.0	22.073846817
20160126	0.0	17332.0	0.0	1472.0	0.000679347838741	0.0	0.0	0.0	4.06433900935e-06	1.63383162022	0.92088419199	0.0	21.9590167999
20160127	0.0	17283.0	0.0	1472.0	0.000679347838741	0.000679347838741	0.0	0.0	4.13690167989e-06	1.54891300201	0.837673723698	0.0	21.4017448425
20160128	0.0	17109.0	0.0	1475.0	0.000677966105286	0.0	0.0	0.0	3.01822524307e-06	1.64745759964	0.86551707983	0.0	20.4224052429
20160129	0.0	16590.0	0.0	1476.0	0.000677506788634	0.000677506788634	0.0	0.0	3.8806874727e-06	1.56097567081	0.836160719395	0.0	21.0367469788
20160130	0.0	16446.0	0.0	1475.0	0.000677966105286	0.000677966105286	0.0	0.0	2.93351740766e-06	1.51389837265	0.814895451069	0.0	21.2547740936
20160131	0.0	16307.0	0.0	1474.0	0.000678426062223	0.0	0.0	0.0	3.68336236534e-06	1.52917230129	0.881379008293	0.0	21.7924556732
20160201	0.0	16303.0	0.0	1476.0	0.000677506788634	0.000677506788634	0.0	0.0	2.80474455394e-06	1.48170733452	0.869333744049	0.0	23.0718212128
20160202	0.0	16377.0	0.0	1475.0	0.000677966105286	0.0	0.0	0.0	3.22904497807e-06	1.52881360054	0.849348008633	0.0	22.8514614105
20160203	0.0	16464.0	0.0	1476.0	0.000677506788634	0.0	0.0	0.0	2.46359627454e-06	1.52506780624	0.827117562294	0.0	22.9024276733
20160204	0.0	16433.0	0.0	1475.0	0.000677966105286	0.000677966105286	0.0	0.0	2.37252424995e-06	1.51864409447	0.787103354931	0.0	22.9422359467
20160205	0.0	16385.0	0.0	1478.0	0.000676589959767	0.000676589959767	0.0	0.0	1.77892661668e-06	1.56089305878	0.872369587421	0.0	22.4320983887
20160206	0.0	16266.0	0.0	1477.0	0.000677048054058	0.0	0.0	0.0	2.07070274882e-06	1.51455652714	0.841084301472	0.0	22.750295639
20160207	0.0	16284.0	0.0	1472.0	0.000679347838741	0.000679347838741	0.0	0.0	1.54342330916e-06	1.5	0.8613935709	0.0	23.5128211975
20160208	0.0	16044.0	0.0	1473.0	0.000678886601236	0.000678886601236	0.0	0.0	2.6823756798e-06	1.48065173626	0.810123562813	0.0	23.0879211426
20160209	0.0	15914.0	0.0	1473.0	0.000678886601236	0.0	0.0	0.0	1.94635595108e-06	1.54989814758	0.812922179699	0.0	23.3332653046
20160210	0.0	15870.0	0.0	1474.0	0.000678426062223	0.000678426062223	0.0	0.0	2.76607670457e-06	1.47761189938	0.541658341885	0.0	23.5333194733
20160211	0.0	16063.0	0.0	1471.0	0.000679809658322	0.000679809658322	0.0	0.0	2.0797617708e-06	1.49354183674	0.878043115139	0.0	23.5606060028
20160212	0.0	16163.0	0.0	1468.0	0.000681198900566	0.000681198900566	0.0	0.0	2.51262827078e-06	1.51839232445	0.861646652222	0.0	23.0012187958
20160213	0.0	16171.0	0.0	1468.0	0.000681198900566	0.0	0.0	0.0	1.84260659353e-06	1.51362395287	0.8108984828	0.0	24.187620163
20160214	0.0	16022.0	0.0	1469.0	0.000680735218339	0.000680735218339	0.0	0.0	1.82532551207e-06	1.50850915909	0.792492449284	0.0	23.9084396362
20160215	0.0	16015.0	0.0	1471.0	0.000679809658322	0.0	0.0	0.0	1.28997226057e-06	1.47382736206	0.793375492096	0.0	23.4420814514
20160216	0.0	19377.0	0.0	1471.0	0.000679809658322	0.000679809658322	0.0	0.0	1.32426532673e-06	1.5411285162	0.821631908417	0.0	23.2398853302
20160217	0.0	19009.0	0.0	1470.0	0.000680272118188	0.000680272118188	0.0	0.0	1.00081751953e-06	1.792517066	0.768111944199	0.0	23.7621879578
20160218	0.0	18745.0	0.0	1471.0	0.000679809658322	0.000679809658322	0.0	0.0	1.55777286182e-06	1.78789937496	0.776474535465	0.0	23.4113807678
20160219	0.0	18584.0	0.0	1470.0	0.000680272118188	0.0	0.0	0.0	1.24097186927e-06	1.71768701077	0.761127710342	0.0	23.6087779999
20160220	0.0	18374.0	0.0	1470.0	0.000680272118188	0.000680272118188	0.0	0.0	2.9466370961e-06	1.74285721779	0.805284440517	0.0	23.2151489258
20160221	0.0	21973.0	0.0	1471.0	0.000679809658322	0.0	0.0	0.0	2.19544540414e-06	1.7267165184	0.736795544624	0.0	23.7189178467
20160222	0.0	21540.0	0.0	1475.0	0.000677966105286	0.000677966105286	0.0	0.0	3.71716942027e-06	2.09152555466	0.772187829018	0.0	23.7290363312
20160223	0.0	21153.0	0.0	1474.0	0.00135685212445	0.00135685212445	0.0	0.0	2.32499860431e-05	2.02170968056	0.765020370483	0.0	24.8683509827
20160224	0.0	20555.0	0.0	1472.0	0.00135869567748	0.00135869567748	0.0	0.0	2.51116725849e-05	1.92866849899	0.800017178059	0.0	24.5258808136
20160225	0.0	20129.0	0.0	1472.0	0.00135869567748	0.0	0.0	0.0	2.0417266569e-05	1.90421187878	0.626748204231	0.0	24.4677829742
20160226	0.0	19841.0	0.0	1472.0	0.000679347838741	0.000679347838741	0.0	0.0	5.82192069487e-06	1.87567937374	0.769535899162	0.0	24.9610443115
20160227	0.0	19677.0	0.0	1474.0	0.000678426062223	0.000678426062223	0.0	0.0	4.4300600166e-06	1.79240167141	0.584215283394	0.0	25.3177280426
20160228	0.0	23447.0	0.0	1474.0	0.000678426062223	0.000678426062223	0.0	0.0	5.82260781812e-06	1.80868387222	0.464152485132	0.0	24.574048996
20160229	0.0	22920.0	0.0	1472.0	0.000679347838741	0.0	0.0	0.0	4.26971610068e-06	2.19904899597	0.722815334797	0.0	24.1307525635
20160301	0.0	22401.0	0.0	1472.0	0.000679347838741	0.000679347838741	0.0	0.0	4.92078333991e-06	2.11209225655	0.734881222248	0.0	23.927947998
20160302	0.0	22098.0	0.0	1474.0	0.000678426062223	0.0	0.0	0.0	3.61271054317e-06	2.04409766197	0.725305616856	0.0	24.4193477631
20160303	0.0	21654.0	0.0	1475.0	0.000677966105286	0.000677966105286	0.0	0.0	4.40357462139e-06	2.05694913864	0.769809782505	0.0	24.0683841705
20160304	0.0	21451.0	0.0	1477.0	0.000677048054058	0.0	0.0	0.0	3.39656708093e-06	2.0101556778	0.730856060982	0.0	24.5834503174
20160305	0.0	21923.0	0.0	1476.0	0.000677506788634	0.0	0.0	0.0	4.35431047663e-06	1.98509478569	0.76641690731	0.0	24.0099124908
20160306	0.0	21713.0	0.0	1474.0	0.000678426062223	0.000678426062223	0.0	0.0	3.52546589966e-06	2.00678420067	0.707278907299	0.0	24.2255916595
20160307	0.0	21583.0	0.0	1474.0	0.000678426062223	0.000678426062223	0.0	0.0	4.51847245131e-06	2.0332429409	0.765342116356	0.0	22.521522522
20160308	0.0	21476.0	0.0	1473.0	0.000678886601236	0.0	0.0	0.0	3.43135047842e-06	1.97556018829	0.72759360075	0.0	23.7364006042
20160309	0.0	21322.0	0.0	1472.0	0.000679347838741	0.0	0.0	0.0	4.95297581438e-06	2.08423900604	0.743004143238	0.0	23.4691123962
20160310	0.0	21841.0	0.0	1473.0	0.000678886601236	0.0	0.0	0.0	3.75191325475e-06	1.95790910721	0.704973101616	0.0	23.9032154083
20160311	0.0	21685.0	0.0	1472.0	0.000679347838741	0.0	0.0	0.0	5.57485600439e-06	2.046875	0.734183907509	0.0	23.9012584686
20160312	0.0	21497.0	0.0	1468.0	0.000681198900566	0.0	0.0	0.0	4.23445544584e-06	2.00136232376	0.711833000183	0.0	24.3010349274
20160313	0.0	21309.0	0.0	1472.0	0.000679347838741	0.0	0.0	0.0	5.72578437641e-06	1.99252712727	0.738685727119	0.0	24.4877719879
20160314	0.0	21330.0	0.0	1474.0	0.000678426062223	0.0	0.0	0.0	4.32137676398e-06	1.95929443836	0.716868579388	0.0	24.8777732849
20160315	0.0	21294.0	0.0	1475.0	0.000677966105286	0.0	0.0	0.0	4.68181815449e-06	1.96203398705	0.696422874928	0.0	24.4853515625
20160316	0.0	21142.0	0.0	1474.0	0.00135685212445	0.0	0.0	0.0	3.65870255337e-06	1.98439610004	0.709227859974	0.0	24.1435699463
20160317	0.0	21683.0	0.0	1475.0	0.00135593221057	0.00135593221057	0.0	0.0	3.28896658175e-06	1.93016946316	0.669161379337	0.0	23.4550418854
20160318	0.0	21592.0	0.0	1476.0	0.00135501357727	0.000677506788634	0.0	0.0	2.62152821051e-06	2.03997278214	0.586588382721	0.0	24.1174564362
20160319	0.0	21182.0	0.0	1475.0	0.00135593221057	0.000677966105286	0.0	0.0	2.06062804864e-06	2.05152535439	0.705650925636	0.0	24.0941390991
20160320	0.0	21286.0	0.0	1477.0	0.00135409610812	0.000677048054058	0.0	0.0	1.78848472387e-06	2.00067710876	0.707015216351	0.0	24.3326435089
20160321	0.0	21257.0	0.0	1476.0	0.000677506788634	0.000677506788634	0.0	0.0	1.10549831334e-06	1.97357726097	0.719441473484	0.0	24.4423904419
20160322	0.0	21007.0	0.0	1475.0	0.000677966105286	0.0	0.0	0.0	8.40400446123e-07	2.00610160828	0.707276761532	0.0	25.1333866119
20160323	0.0	21062.0	0.0	1476.0	0.000677506788634	0.000677506788634	0.0	0.0	7.20696334611e-07	1.9695122242	0.713495016098	0.0	24.8144378662
20160324	0.0	21001.0	0.0	1475.0	0.000677966105286	0.000677966105286	0.0	0.0	5.64376364309e-07	1.90779662132	0.730398952961	0.0	25.2433013916
20160325	0.0	20857.0	0.0	1472.0	0.000679347838741	0.000679347838741	0.0	0.0	6.01827139235e-07	1.9408967495	0.714465022087	0.0	24.9676990509
20160326	0.0	20915.0	0.0	1474.0	0.000678426062223	0.0	0.0	0.0	4.56231106227e-07	1.88873815536	0.715196192265	0.0	24.7615261078
20160327	0.0	20756.0	0.0	1473.0	0.000678886601236	0.0	0.0	0.0	7.18407875411e-07	1.92057025433	0.739805400372	0.0	25.0030784607
20160328	0.0	25385.0	0.0	1473.0	0.000678886601236	0.0	0.0	0.0	5.44509191513e-07	1.99253225327	0.710698902607	0.0	25.473115921
20160329	0.0	24826.0	0.0	1474.0	0.000678426062223	0.0	0.0	0.0	1.25481767554e-06	2.42605161667	0.660110414028	0.0	24.6304073334
20160330	0.0	24492.0	0.0	1472.0	0.000679347838741	0.0	0.0	0.0	9.52835819135e-07	2.30774450302	0.764815211296	0.0	23.6680965424
20160331	0.0	24037.0	0.0	1474.0	0.000678426062223	0.0	0.0	0.0	1.87808086594e-06	2.27069211006	0.745503425598	0.0	23.8385601044
20160401	0.0	23815.0	0.0	1474.0	0.000678426062223	0.0	0.0	0.0	1.4239135453e-06	2.29308009148	0.797155022621	300.0	22.8374519348
20160402	0.0	23601.0	0.0	1476.0	0.000677506788634	0.0	0.0	0.0	1.92196625903e-06	2.20731711388	0.720208823681	0.0	24.484210968
20160403	0.0	23655.0	0.0	1475.0	0.000677966105286	0.0	0.0	0.0	1.45799037909e-06	2.17491531372	0.575322985649	0.0	25.2849502563
20160404	0.0	23528.0	0.0	1473.0	0.000678886601236	0.0	0.0	0.0	1.54980500611e-06	2.20027160645	0.720038473606	0.0	24.8231697083
20160405	0.0	23280.0	0.0	1472.0	0.000679347838741	0.0	0.0	0.0	1.17588456305e-06	2.12907600403	0.660648882389	0.0	24.6740074158
20160406	0.0	23119.0	0.0	1472.0	0.000679347838741	0.0	0.0	0.0	9.96445464807e-07	2.12092399597	0.709828853607	0.0	24.9843978882
20160407	0.0	23113.0	0.0	1474.0	0.000678426062223	0.0	0.0	0.0	7.54158349991e-07	2.15128898621	0.717341780663	0.0	25.2398719788
20160408	0.0	23027.0	0.0	1473.0	0.000678886601236	0.0	0.0	0.0	5.88171758409e-07	2.12016296387	0.726495206356	0.0	25.0835914612
20160409	0.0	23174.0	0.0	1470.0	0.000680272118188	0.0	0.0	0.0	4.46599585757e-07	2.21020412445	0.682139158249	0.0	24.4767589569
20160410	0.0	23305.0	0.0	1471.0	0.000679809658322	0.0	0.0	0.0	3.40279342481e-07	2.1339225769	0.682819545269	0.0	24.4808769226
20160411	0.0	23294.0	0.0	1473.0	0.000678886601236	0.0	0.0	0.0	2.57857891484e-07	2.12355732918	0.697526991367	0.0	24.6157245636
20160412	0.0	23092.0	0.0	1473.0	0.00135777320247	0.000678886601236	0.0	0.0	2.32529984601e-07	2.15139174461	0.673641622066	0.0	25.1886558533
20160413	0.0	23043.0	0.0	1471.0	0.000679809658322	0.0	0.0	0.0	1.48458781268e-07	2.2019033432	0.775964915752	0.0	24.9586620331
20160414	0.0	23924.0	0.0	1472.0	0.000679347838741	0.0	0.0	0.0	1.12547262177e-07	2.12771725655	0.762299060822	0.0	25.8462715149
20160415	0.0	23810.0	0.0	1473.0	0.000678886601236	0.0	0.0	0.0	8.52173513977e-08	2.20230817795	0.795297622681	0.0	24.7640647888
20160416	0.0	23773.0	0.0	1473.0	0.000678886601236	0.0	0.0	0.0	6.4609423589e-08	2.22471141815	0.785624563694	0.0	25.2440757751
20160417	0.0	23727.0	0.0	1475.0	0.0	0.0	0.0	0.0	4.8943054054e-08	2.1227118969	0.753622889519	0.0	25.4532299042
20160418	0.0	23679.0	0.0	1473.0	0.0	0.0	0.0	0.0	3.71666146748e-08	2.15071296692	0.779985427856	0.0	24.9535675049
20160419	0.0	23713.0	0.0	1472.0	0.0	0.0	0.0	0.0	2.81050986928e-08	2.26086950302	0.74360793829	0.0	24.100446701
20160420	0.0	25371.0	0.0	1474.0	0.0	0.0	0.0	0.0	2.12048405501e-08	2.1702849865	0.777459979057	0.0	24.5351886749
20160421	0.0	24817.0	0.0	1471.0	0.0	0.0	0.0	0.0	1.61022182255e-08	2.30727386475	0.780355989933	0.0	24.9687576294
20160422	0.0	24428.0	0.0	1473.0	0.000678886601236	0.0	0.0	0.0	2.52500331044e-06	2.33672761917	0.796232879162	0.0	24.5647125244
20160423	0.0	24145.0	0.0	1476.0	0.000677506788634	0.0	0.0	0.0	5.43906708117e-06	2.23170733452	0.803391993046	0.0	24.3256549835
20160424	0.0	24038.0	0.0	1478.0	0.0	0.0	0.0	0.0	6.96586299753e-09	2.19688773155	0.763015389442	0.0	24.4739933014
20160425	0.0	23918.0	0.0	1476.0	0.0	0.0	0.0	0.0	5.30550847699e-09	2.17682933807	0.776959002018	0.0	24.6313323975
20160426	0.0	23769.0	0.0	1476.0	0.0	0.0	0.0	0.0	4.01458821742e-09	2.17005419731	0.801429688931	0.0	24.8081989288
20160427	0.0	23628.0	0.0	1480.0	0.000675675692037	0.000675675692037	0.0	0.0	9.66164407146e-07	2.21621608734	0.767452120781	0.0	25.009469986
20160428	0.0	23482.0	0.0	1478.0	0.0	0.0	0.0	0.0	2.29583241307e-09	2.17794322968	0.784833908081	0.0	24.5921134949
20160429	0.0	23455.0	0.0	1478.0	0.0	0.0	0.0	0.0	1.74765979466e-09	2.09404611588	0.806428134441	0.0	24.9006576538
20160430	0.0	23540.0	0.0	1475.0	0.0	0.0	0.0	0.0	1.31356359123e-09	2.21491527557	0.851167201996	0.0	23.5727462769
20160501	0.0	23570.0	0.0	1477.0	0.0	0.0	0.0	0.0	1.00267838476e-09	2.18618822098	0.858870327473	0.0	23.6120262146
20160502	0.0	23560.0	0.0	1477.0	0.0	0.0	0.0	0.0	7.57830020959e-10	2.18754220009	0.821777999401	0.0	23.8226833344
20160503	0.0	23563.0	0.0	1479.0	0.0	0.0	0.0	0.0	5.79623404828e-10	2.23867464066	0.723336040974	0.0	24.5569820404
20160504	0.0	23289.0	0.0	1477.0	0.0	0.0	0.0	0.0	4.36843561324e-10	2.11306715012	0.765900075436	0.0	24.8300132751
20160505	0.0	23299.0	0.0	1478.0	0.0	0.0	0.0	0.0	3.33550215226e-10	2.15899848938	0.812277019024	0.0	25.2132492065
20160506	0.0	23410.0	0.0	1480.0	0.0	0.0	0.0	0.0	2.60281129982e-10	2.1047296524	0.729068040848	0.0	25.4740390778
20160507	0.0	23664.0	0.0	1478.0	0.0	0.0	0.0	0.0	1.95182189855e-10	2.17456030846	0.804877698421	9.8943939209	25.4317569733
20160508	0.0	23902.0	0.0	1479.0	0.0	0.0	0.0	0.0	1.43211983938e-10	2.19269776344	0.796952962875	0.0	25.1955528259
20160509	0.0	23956.0	0.0	1480.0	0.0	0.0	0.0	0.0	1.08848187408e-10	2.20743250847	0.780171096325	0.0	25.4623584747
20160510	0.0	23640.0	0.0	1481.0	0.0	0.0	0.0	0.0	8.09066147411e-11	2.1742067337	0.710845291615	0.0	25.5762481689
20160511	0.0	23597.0	0.0	1479.0	0.0	0.0	0.0	0.0	6.29447743927e-11	2.2068965435	0.684835672379	0.0	25.5361633301
20160512	0.0	23477.0	0.0	1478.0	0.0	0.0	0.0	0.0	4.88948603827e-11	2.17185378075	0.800625145435	0.0	25.0863437653
20160513	0.0	23499.0	1.0	1478.0	0.000676589959767	0.0	0.0	0.0	3.69317944282e-11	2.20297694206	0.857682645321	0.0	23.9669971466
20160514	0.0	23661.0	0.0	1480.0	0.000675675692037	0.0	0.0	0.0	2.6795385355e-11	2.14594602585	0.807005465031	0.0	24.6589736938
20160515	0.0	23525.0	0.0	1480.0	0.000675675692037	0.0	0.0	0.0	1.96295618649e-11	2.13783788681	0.800840556622	0.0	25.2633590698
20160516	0.0	23706.0	0.0	1479.0	0.00067613250576	0.0	0.0	0.0	1.56590261591e-11	2.11561870575	0.804886996746	0.0	25.4711360931
20160517	0.0	23483.0	0.0	1479.0	0.00067613250576	0.0	0.0	0.0	1.11455714449e-11	2.17917513847	0.723662257195	0.0	25.7792835236
20160518	0.0	23447.0	0.0	1476.0	0.000677506788634	0.0	0.0	0.0	7.44445911166e-12	2.1544713974	0.723749101162	0.0	26.0053672791
20160519	0.0	28494.0	0.0	1477.0	0.000677048054058	0.0	0.0	0.0	6.11011198234e-12	2.21462416649	0.793150007725	0.0	25.5195140839
20160520	0.0	27821.0	0.0	1474.0	0.000678426062223	0.0	0.0	0.0	5.32322276536e-12	2.60719132423	0.795807600021	0.0	25.4052352905
20160521	0.0	27434.0	0.0	1475.0	0.000677966105286	0.0	0.0	0.0	3.72321791453e-12	2.5579662323	0.814494132996	0.0	25.2216873169
20160522	0.0	27114.0	0.0	1478.0	0.000676589959767	0.0	0.0	0.0	3.18441475446e-12	2.52976989746	0.783029735088	0.0	25.6002540588
20160523	0.0	27011.0	0.0	1479.0	0.00067613250576	0.0	0.0	0.0	1.85606413051e-12	2.5023663044	0.818477988243	0.0	25.3030109406
20160524	0.0	26942.0	0.0	1478.0	0.00135317991953	0.0	0.0	0.0	8.36853087094e-06	2.55209755898	0.863294899464	0.0	24.2041130066
20160525	0.0	26772.0	0.0	1480.0	0.00135135138407	0.000675675692037	0.0	0.0	9.63306501944e-06	2.53851342201	0.885861337185	0.0	23.5589580536
20160526	0.0	26693.0	0.0	1477.0	0.000677048054058	0.0	0.0	0.0	5.30803428555e-13	2.49356818199	0.867617607117	0.0	24.6253299713
20160527	0.0	26619.0	0.0	1478.0	0.000676589959767	0.0	0.0	0.0	0.0	2.48511505127	0.899153113365	300.0	23.5337982178
20160528	0.0	26356.0	0.0	1479.0	0.00067613250576	0.00067613250576	0.0	0.0	0.0	2.45571327209	0.803081572056	57.3040847778	23.4970760345
20160529	0.0	21252.0	0.0	1479.0	0.00067613250576	0.00067613250576	0.0	0.0	0.0	2.43272471428	0.917196035385	2.75361844437e-09	23.4464359283
20160530	0.0	21558.0	0.0	1479.0	0.00067613250576	0.00067613250576	0.0	0.0	0.0	2.00878977776	0.876829981804	262.484710693	23.9664058685
20160531	0.0	21853.0	0.0	1479.0	0.00067613250576	0.00067613250576	0.0	0.666666666667	0.0	1.987829566	0.773130297661	18.757648468	24.9997558594
20160601	0.0	22148.0	0.0	1481.0	0.000675219460391	0.000675219460391	0.0	0.0	0.0	2.00607705116	0.888880610466	300.0	23.8799324036
20160602	0.0	22470.0	0.0	1482.0	0.000674763810821	0.0	0.0	0.0	0.0	1.97503376007	0.860374927521	83.810043335	22.2906799316
20160603	0.0	22705.0	0.0	1483.0	0.000674308859743	0.0	0.0	0.0	1.48984657944e-09	2.09103178978	0.795378267765	1.81947820453e-32	23.7941226959
20160604	0.0	22866.0	0.0	1479.0	0.00067613250576	0.0	0.0	0.0	1.17000487077e-09	2.10953354836	0.880524992943	0.0	24.3289356232
20160605	0.0	23947.0	0.0	1483.0	0.000674308859743	0.0	0.0	0.0	7.20371318153e-09	2.05057311058	0.776046335697	57.3040847778	24.5989513397
20160606	0.0	19248.0	0.0	1481.0	0.000675219460391	0.0	0.0	0.0	5.47820899754e-09	2.22619843483	0.844619035721	0.0	25.1632537842
20160607	0.0	19616.0	0.0	1482.0	0.000674763810821	0.0	0.0	0.0	4.50706805211e-09	1.74561405182	0.775127410889	0.0	25.5717563629
20160608	0.0	20029.0	0.0	1483.0	0.000674308859743	0.0	0.0	0.0	3.40549277666e-09	1.84558320045	0.856861293316	0.0	25.2059135437
20160609	0.0	20379.0	0.0	1482.0	0.000674763810821	0.0	0.0	0.0	2.61516941436e-09	1.85155200958	0.891686797142	0.0	24.8028106689
20160610	0.0	20482.0	0.0	1482.0	0.000674763810821	0.0	0.0	0.0	1.98740757185e-09	1.88933873177	0.850582480431	0.0	24.9382381439
20160611	0.0	20834.0	0.0	1482.0	0.000674763810821	0.0	0.0	0.0	1.52363022199e-09	1.85897445679	0.673360645771	0.0	25.6168937683
20160612	0.0	21040.0	0.0	1480.0	0.0	0.0	0.0	0.0	1.17048859494e-09	1.90405404568	0.937803149223	0.0	23.7860946655
20160613	0.0	25806.0	0.0	1480.0	0.0	0.0	0.0	0.0	9.04535280011e-10	1.9081081152	0.932109057903	0.0	24.335735321
20160614	0.0	20719.0	0.0	1480.0	0.0	0.0	0.0	0.0	6.96356639018e-10	2.33513498306	0.840469360352	300.0	25.9269695282
20160615	0.0	26236.0	0.0	1479.0	0.0	0.0	0.0	0.0	5.37930699984e-10	1.93441510201	0.666368663311	0.0	25.7610778809
20160616	0.0	25888.0	0.0	1479.0	0.0	0.0	0.0	0.0	4.02967159641e-10	2.38742399216	0.6947453022	0.0	25.7028694153
20160617	0.0	25546.0	0.0	1481.0	0.0	0.0	0.0	0.0	3.09003517218e-10	2.35178947449	0.841151535511	0.0	25.6521701813
20160618	0.0	26829.0	0.0	1482.0	0.0	0.0	0.0	0.0	2.26985055751e-10	2.32860994339	0.844567000866	0.0	26.169878006
20160619	0.0	26489.0	0.0	1479.0	0.0	0.0	0.0	0.0	1.66573491112e-10	2.47464489937	0.817631661892	0.0	26.2956581116
20160620	0.0	33554.0	0.0	1481.0	0.0	0.0	0.0	0.0	1.25827279152e-10	2.53544902802	0.887885034084	0.0	25.2344799042
20160621	0.0	32531.0	0.0	1480.0	0.0	0.0	0.0	0.0	9.61025356516e-11	3.15135145187	0.882325768471	0.0	25.4356632233
20160622	0.0	30667.0	0.0	1483.0	0.0	0.0	0.0	0.0	6.65671476274e-11	3.01281166077	0.898439764977	0.0	25.0855102539
20160623	0.0	30191.0	0.0	1482.0	0.0	0.0	0.0	0.0	5.31201159448e-11	2.85290145874	0.849459826946	0.0	26.2380275726
20160624	0.0	29678.0	0.0	1482.0	0.0	0.0	0.0	0.0	3.76520377376e-11	2.77530360222	0.844079852104	0.0	26.2000732422
20160625	0.0	29148.0	0.0	1482.0	0.000674763810821	0.000674763810821	0.0	0.0	1.17152602286e-07	2.76855587959	0.85074865818	0.0	25.3871059418
20160626	0.0	28785.0	0.0	1484.0	0.000673854432534	0.000673854432534	0.0	0.0	8.60169464545e-08	2.74865245819	0.862419724464	83.810043335	25.7764472961
20160627	0.0	28430.0	0.0	1483.0	0.0	0.0	0.0	0.0	1.30622491989e-11	2.66891431808	0.951854288578	0.0	24.1444892883
20160628	0.0	28055.0	0.0	1484.0	0.0	0.0	0.0	0.0	9.09598698445e-12	2.6340970993	0.901502370834	262.484710693	24.1532115936
20160629	0.0	28631.0	0.0	1488.0	0.000672043010127	0.0	0.0	0.0	4.45714340458e-06	2.5604839325	0.834137737751	0.0	25.6140861511
20160630	0.0	27499.0	0.0	1485.0	0.00067340064561	0.0	0.0	0.0	1.04520097466e-07	2.71043777466	0.631286144257	0.0	25.7955245972
20160701	0.0	28443.0	0.0	1488.0	0.0	0.0	0.0	0.0	7.91052201521e-08	2.55779576302	0.871840953827	1.30023321956e-33	25.5650634766
20160702	0.0	29924.0	0.0	1487.0	0.0	0.0	0.0	0.0	6.00105209969e-08	2.67249512672	0.873911142349	0.0	25.6826171875
20160703	0.0	29364.0	0.0	1486.0	0.0	0.0	0.0	0.0	4.55483508688e-08	2.73014807701	0.669399261475	178.6746521	25.5783004761
20160704	0.0	29078.0	0.0	1481.0	0.0	0.0	0.0	0.0	3.46469839485e-08	2.7596218586	0.568166673183	242.695922852	25.83934021
20160705	0.0	28836.0	0.0	1480.0	0.0	0.0	0.0	0.0	2.62881005852e-08	2.62297296524	0.855271816254	0.0	26.2451057434
20160706	0.0	30380.0	0.0	1481.0	0.0	0.0	0.0	0.0	0.0	2.69277524948	0.814169943333	0.0	26.4777488708
20160707	0.0	30032.0	0.0	1486.0	0.00067294749897	0.00067294749897	0.0	0.0	8.44502778818e-07	2.71467041969	0.87771910429	0.0	25.882900238
20160708	0.0	29405.0	0.0	1484.0	0.000673854432534	0.000673854432534	0.0	0.0	5.83636108331e-07	2.77897596359	0.851869046688	280.211212158	26.0276317596
20160709	0.0	29227.0	0.0	1485.0	0.00067340064561	0.00067340064561	0.0	0.0	6.22868810751e-07	2.73804712296	0.897006869316	242.695922852	25.9505214691
20160710	0.0	29049.0	0.0	1484.0	0.000673854432534	0.000673854432534	0.0	0.0	4.62569573756e-07	2.64487862587	0.688815176487	0.0	26.3168239594
20160711	0.0	29048.0	0.0	1481.0	0.0	0.0	0.0	0.0	0.0	2.65766358376	0.703942060471	0.0	26.3306312561
20160712	0.0	28859.0	0.0	1482.0	0.0	0.0	0.0	0.0	0.0	2.64035081863	0.668595552444	0.0	26.249546051
20160713	0.0	34572.0	0.0	1482.0	0.0	0.0	0.0	0.0	0.0	2.62887978554	0.877802968025	0.0	26.1295719147
20160714	0.0	34903.0	0.0	1480.0	0.0	0.0	0.0	0.0	0.0	3.18986487389	0.843710899353	0.0	26.3577919006
20160715	0.0	35618.0	0.0	1480.0	0.0	0.0	0.0	0.0	0.0	3.22364878654	0.781328439713	57.3040847778	26.4081745148
20160716	0.0	35225.0	0.0	1479.0	0.0	0.0	0.0	0.0	0.0	3.23732256889	0.815732002258	0.0	25.7756652832
20160717	0.0	34595.0	0.0	1480.0	0.0	0.0	0.0	0.0	0.0	3.20878386497	0.837214171886	2.31651242188e-07	26.0094566345
20160718	0.0	34031.0	0.0	1477.0	0.0	0.0	0.0	0.0	0.0	3.16655373573	0.781240522861	300.0	26.6010246277
20160719	0.0	33575.0	0.0	1479.0	0.0	0.0	0.0	0.0	0.0	3.19269776344	0.825296342373	0.0	25.7704219818
20160720	0.0	34220.0	0.0	1480.0	0.000675675692037	0.000675675692037	0.0	0.0	1.05490389615e-05	3.02837848663	0.842927396297	0.0	26.2132053375
20160721	0.0	35594.0	0.0	1484.0	0.000673854432534	0.0	0.0	0.0	7.99309509603e-06	3.12870597839	0.655804932117	0.0	26.0065879822
20160722	0.0	35112.0	0.0	1481.0	0.000675219460391	0.0	0.0	0.0	1.09399452413e-05	3.24172878265	0.796733260155	0.0	26.1344909668
20160723	0.0	34504.0	0.0	1481.0	0.000675219460391	0.0	0.0	0.0	8.30894714454e-06	3.23835229874	0.775303184986	280.211212158	26.4048690796
20160724	0.0	33920.0	0.0	1480.0	0.000675675692037	0.0	0.0	0.0	1.00096622191e-05	3.20810818672	0.802568078041	0.0	26.0111713409
20160725	0.0	35392.0	0.0	1479.0	0.0	0.0	0.0	0.0	0.0	3.09330630302	0.819152593613	0.0	26.0337219238
20160726	0.0	36477.0	0.0	1478.0	0.0	0.0	0.0	0.0	0.0	3.20838975906	0.796561002731	0.0	26.2138690948
20160727	0.0	35324.0	0.0	1476.0	0.0	0.0	0.0	0.0	0.0	3.33197832108	0.755298018456	0.0	26.7652416229
20160728	0.0	35862.0	0.0	1476.0	0.0	0.0	0.0	0.0	0.0	3.26287269592	0.649815917015	0.0	26.79271698
20160729	0.0	35435.0	0.0	1477.0	0.0	0.0	0.0	0.0	0.0	3.38253211975	0.65747743845	271.347961426	26.9114265442
20160730	0.0	35346.0	0.0	1479.0	0.0	0.0	0.0	0.0	0.0	3.33806633949	0.812123835087	150.0	24.8591423035
20160731	0.0	34908.0	0.0	1477.0	0.0	0.0	0.0	0.0	0.0	3.32024383545	0.926125407219	1.03578456971e-32	24.6887187958
20160801	0.0	34855.0	0.0	1476.0	0.0	0.0	0.0	0.0	0.0	3.24186992645	0.900089502335	0.0	25.4551620483
20160802	0.0	34480.0	0.0	1477.0	0.0	0.0	0.0	0.0	0.0	3.16858482361	0.81621658802	121.347961426	26.0226821899
20160803	0.0	34207.0	0.0	1476.0	0.0	0.0	0.0	0.0	0.0	3.10772371292	0.802163243294	0.0	26.2033653259
20160804	0.0	35912.0	0.0	1476.0	0.0	0.0	0.0	0.0	0.0	3.07723593712	0.806765317917	57.3040847778	27.0380649567
20160805	0.0	35701.0	0.0	1476.0	0.0	0.0	0.0	0.0	0.0	3.27710008621	0.801956176758	0.0	27.2657032013
20160806	0.0	35191.0	0.0	1476.0	0.0	0.0	0.0	0.0	0.0	3.27371287346	0.791536152363	0.0	27.0844097137
20160807	0.0	34527.0	0.0	1475.0	0.0	0.0	0.0	0.0	0.0	3.18033885956	0.730001986027	0.0	26.2808132172
20160808	0.0	34007.0	0.0	1472.0	0.0	0.0	0.0	0.0	0.0	3.14266300201	0.814467310905	300.0	26.2981338501
20160809	0.0	35944.0	0.0	1474.0	0.0	0.0	0.0	0.0	0.0	3.15468120575	0.651782810688	0.0	27.3284130096
20160810	0.0	35811.0	0.0	1474.0	0.0	0.0	0.0	0.0	0.0	3.26390767097	0.640366792679	0.0	26.9681396484
20160811	0.0	35282.0	0.0	1473.0	0.0	0.0	0.0	0.0	0.0	3.28784775734	0.792675077915	300.0	26.5869789124
20160812	0.0	34999.0	0.0	1475.0	0.0	0.0	0.0	0.0	0.0	3.24203395844	0.741735458374	300.0	27.0176143646
20160813	0.0	34601.0	0.0	1474.0	0.0	0.0	0.0	0.0	0.0	3.19674348831	0.749775111675	0.0	24.3950157166
20160814	0.0	34105.0	0.0	1478.0	0.0	0.0	0.0	0.0	0.0	3.26319336891	0.857616603374	0.0	24.1012229919
20160815	0.0	35404.0	0.0	1476.0	0.0	0.0	0.0	0.0	0.0	3.15921425819	0.814803957939	300.0	25.7282085419
20160816	0.0	36029.0	0.0	1479.0	0.0	0.0	0.0	0.0	0.0	3.29006075859	0.804301381111	300.0	26.0270423889
20160817	0.0	35738.0	0.0	1479.0	0.0	0.0	0.0	0.0	0.0	3.36849212646	0.796786785126	300.0	26.3968315125
20160818	0.0	35615.0	0.0	1478.0	0.0	0.0	0.0	0.0	0.0	3.3545331955	0.813638806343	0.0	26.2033176422
20160819	0.0	36437.0	0.0	1478.0	0.000676589959767	0.0	0.0	0.0	1.18494961043e-06	3.27266573906	0.79682290554	0.0	26.6297874451
20160820	0.0	35910.0	0.0	1478.0	0.0	0.0	0.0	0.0	0.0	3.39918804169	0.821584582329	0.0	25.7338066101
20160821	0.0	35777.0	0.0	1474.0	0.0	0.0	0.0	0.0	0.0	3.33107209206	0.736784696579	300.0	25.7272281647
20160822	0.0	35414.0	0.0	1474.0	0.0	0.0	0.0	0.0	0.0	3.31139755249	0.770119786263	300.0	25.1039276123
20160823	0.0	34902.0	0.0	1473.0	0.0	0.0	0.0	0.0	0.0	3.25729799271	0.91876989603	216.189956665	24.3259220123
20160824	0.0	34898.0	0.0	1475.0	0.0	0.0	0.0	0.0	0.0	3.16338968277	0.978080093861	0.0	22.4451389313
20160825	0.0	36689.0	0.0	1474.0	0.0	0.0	0.0	0.0	0.0	3.280189991	0.896927595139	300.0	24.0828609467
20160826	0.0	29593.0	0.0	1472.0	0.0	0.0	0.0	0.0	0.0	3.4565217495	0.890030741692	0.0	24.8346309662
20160827	0.0	29433.0	0.0	1473.0	0.000678886601236	0.0	0.0	0.0	3.74668570657e-06	2.76171088219	0.882274091244	2.75361844437e-09	25.1151294708
20160828	0.0	29213.0	0.0	1472.0	0.0	0.0	0.0	0.0	0.0	2.69633150101	0.887880623341	83.810043335	25.2074794769
20160829	0.0	31215.0	0.0	1475.0	0.0	0.0	0.0	0.0	0.0	2.7627120018	0.799790859222	216.189956665	26.0796604156
20160830	0.0	32757.0	0.0	1476.0	0.0	0.0	0.0	0.0	0.0	2.86924123764	0.912442028522	0.0	25.1095466614
20160831	0.0	32836.0	0.0	1476.0	0.0	0.0	0.0	0.0	0.0	3.02168035507	0.951365351677	121.325340271	23.0227603912
20160901	0.0	32738.0	0.0	1474.0	0.0	0.0	0.0	0.0	0.0	3.05156040192	0.943209469318	121.325340271	22.8867073059
20160902	0.0	33965.0	0.0	1475.0	0.0	0.0	0.0	0.0	0.0	3.05288147926	0.918700397015	0.0	24.719203949
20160903	0.0	27427.0	0.0	1475.0	0.0	0.0	0.0	0.0	0.0	3.06372880936	0.842522621155	103.598831177	25.2149200439
20160904	0.0	29397.0	0.0	1474.0	0.0	0.0	0.0	0.0	0.0	2.54070568085	0.89427280426	300.0	25.2356796265
20160905	0.0	31088.0	0.0	1474.0	0.0	0.0	0.0	0.0	0.0	2.74559020996	0.901192426682	0.0	23.5701694489
20160906	0.0	30728.0	0.0	1473.0	0.0	0.0	0.0	0.0	0.0	2.86286473274	0.899968087673	300.0	24.2943210602
20160907	0.0	30269.0	0.0	1474.0	0.0	0.0	0.0	0.0	0.0	2.8649930954	0.936434388161	0.0	24.1114578247
20160908	0.0	29883.0	0.0	1473.0	0.0	0.0	0.0	0.0	0.0	2.76578426361	0.923658192158	0.0	23.4328994751
20160909	0.0	31229.0	0.0	1475.0	0.0	0.0	0.0	0.0	0.0	2.72881364822	0.928956508636	0.0	23.8151130676
20160910	0.0	25181.0	0.0	1473.0	0.0	0.0	0.0	0.0	0.0	2.84521389008	0.866969168186	0.0	24.8305797577
20160911	0.0	26811.0	0.0	1475.0	0.0	0.0	0.0	0.0	0.0	2.37762713432	0.853638529778	0.0	25.4530029297
20160912	0.0	33470.0	0.0	1474.0	0.0	0.0	0.0	0.0	0.0	2.5122115612	0.877063393593	0.0	25.2089805603
20160913	0.0	34535.0	0.0	1478.0	0.0	0.0	0.0	0.0	0.0	3.10216498375	0.904125928879	141.114135742	24.6978626251
20160914	0.0	33665.0	0.0	1476.0	0.0	0.0	0.0	0.0	0.0	3.21747970581	0.872682392597	0.0	24.5058097839
20160915	0.0	33371.0	0.0	1478.0	0.000676589959767	0.0	0.0	0.0	1.36646417559e-06	3.1454668045	0.880689799786	216.189956665	24.7965450287
20160916	0.0	33673.0	0.0	1477.0	0.0	0.0	0.0	0.0	0.0	3.044008255	0.871956169605	2.21090381558e-08	24.7453289032
20160917	0.0	33965.0	0.0	1477.0	0.0	0.0	0.0	0.0	0.0	3.15572094917	0.896662533283	19.7887878418	24.6046390533
20160918	0.0	33459.0	0.0	1478.0	0.0	0.0	0.0	0.0	0.0	3.18403244019	0.88856112957	0.0	24.6342010498
20160919	0.0	34162.0	0.0	1481.0	0.0	0.0	0.0	0.0	0.0	3.10803508759	0.927422344685	158.885864258	24.7745800018
20160920	0.0	33323.0	0.0	1479.0	0.0	0.0	0.0	0.0	0.0	3.12373232841	0.948295295238	0.0	24.3189907074
20160921	0.0	33308.0	0.0	1479.0	0.0	0.0	0.0	0.0	0.0	3.08451652527	0.924308240414	0.0	22.7162399292
20160922	0.0	33463.0	0.0	1477.0	0.0	0.0	0.0	0.0	0.0	3.07989168167	0.941113293171	0.0	22.8263282776
20160923	0.0	34472.0	0.0	1478.0	0.0	0.0	0.0	0.0	0.0	3.07239532471	0.90699338913	0.0	24.8138275146
20160924	0.0	27864.0	0.0	1477.0	0.0	0.0	0.0	0.0	0.0	3.19634389877	0.886538565159	0.0	25.1128253937
20160925	0.0	35826.0	0.0	1478.0	0.0	0.0	0.0	0.0	0.0	2.61975622177	0.905251860619	0.0	24.5109710693
20160926	0.0	35510.0	0.0	1478.0	0.0	0.0	0.0	0.0	0.0	3.25845718384	0.87870246172	0.0	25.1294555664
20160927	0.0	33783.0	0.0	1479.0	0.0	0.0	0.0	0.0	0.0	3.29817438126	0.849845290184	158.885864258	24.8644351959
20160928	0.0	33814.0	0.0	1479.0	0.0	0.0	0.0	0.0	0.0	3.12576055527	0.845298409462	0.0	25.248916626
20160929	0.0	34486.0	0.0	1479.0	0.0	0.0	0.0	0.0	0.0	3.10209608078	0.839673101902	0.0	25.2841281891
20160930	0.0	34296.0	0.0	1482.0	0.0	0.0	0.0	0.0	0.0	3.14237523079	0.855938494205	196.401168823	25.7688026428
20161001	0.0	33654.0	0.0	1482.0	0.0	0.0	0.0	0.0	0.0	3.13697695732	0.824847817421	0.0	25.5209159851
20161002	0.0	33903.0	0.0	1480.0	0.0	0.0	0.0	0.0	0.0	3.16756772995	0.829032540321	3.96899973754e-33	24.5155105591
20161003	0.0	33502.0	0.0	1481.0	0.0	0.0	0.0	0.0	0.0	3.04929089546	0.898832201958	0.0	24.3842067719
20161004	0.0	34306.0	0.0	1483.0	0.0	0.0	0.0	0.0	0.0	3.09642624855	0.842942893505	141.114135742	24.9463214874
20161005	0.0	33677.0	0.0	1481.0	0.0	0.0	0.0	0.0	0.0	3.13099265099	0.871947228909	0.0	24.5412979126
20161006	0.0	33589.0	0.0	1480.0	0.0	0.0	0.0	0.0	0.0	3.04121637344	0.877485394478	0.0	24.6001415253
20161007	0.0	33040.0	0.0	1485.0	0.0	0.0	0.0	0.0	0.0	3.07272744179	0.889069616795	196.401168823	24.4637622833
20161008	0.0	33984.0	0.0	1482.0	0.0	0.0	0.0	0.0	0.0	3.04723358154	0.860965132713	196.401168823	25.2809925079
20161009	0.0	33854.0	0.0	1482.0	0.0	0.0	0.0	0.0	0.0	3.10863685608	0.899967730045	0.0	24.5573978424
20161010	0.0	33884.0	0.0	1479.0	0.0	0.0	0.0	0.0	0.0	3.10953354836	0.890219867229	0.0	25.1704673767
20161011	0.0	32455.0	0.0	1481.0	0.0	0.0	0.0	0.0	0.0	3.11681294441	0.915697276592	0.0	24.034318924
20161012	0.0	33561.0	0.0	1484.0	0.0	0.0	0.0	0.0	0.0	3.03436660767	0.885734677315	300.0	24.3524017334
20161013	0.0	33080.0	0.0	1479.0	0.0	0.0	0.0	0.0	0.0	3.15212965012	0.947142422199	0.0	23.1397628784
20161014	0.0	32514.0	0.0	1478.0	0.000676589959767	0.000676589959767	0.0	0.0	2.37366202782e-06	3.10757780075	0.920555472374	0.0	23.0984706879
20161015	0.0	32329.0	0.0	1477.0	0.000677048054058	0.0	0.0	0.0	1.77295771664e-06	2.9695327282	0.860383272171	0.0	23.7836494446
20161016	0.0	33123.0	0.0	1477.0	0.000677048054058	0.000677048054058	0.0	0.0	3.05972889691e-06	3.02979016304	0.830781698227	196.401168823	24.6746196747
20161017	0.0	32637.0	0.0	1477.0	0.0	0.0	0.0	0.0	0.0	3.0622882843	0.865428090096	196.401168823	24.9591693878
20161018	0.0	32249.0	0.0	1475.0	0.0	0.0	0.0	0.0	0.0	2.99186444283	0.811506509781	262.484710693	25.1766910553
20161019	0.0	32924.0	0.0	1472.0	0.0	0.0	0.0	0.0	0.0	2.95584225655	0.853992164135	0.0	25.2518234253
20161020	0.0	32505.0	0.0	1473.0	0.0	0.0	0.0	0.0	0.0	3.09843850136	0.838155567646	0.0	25.559797287
20161021	0.0	32174.0	0.0	1478.0	0.0	0.0	0.0	0.0	0.0	3.06765913963	0.836001694202	0.0	24.9831027985
20161022	0.0	31914.0	0.0	1477.0	0.0	0.0	0.0	0.0	0.0	3.04197692871	0.818168401718	19.7887878418	24.8027305603
20161023	0.0	32437.0	0.0	1478.0	0.0	0.0	0.0	0.0	0.0	2.98985099792	0.84798848629	0.0	24.3904514313
20161024	0.0	32074.0	0.0	1478.0	0.0	0.0	0.0	0.0	0.0	3.05953979492	0.823149800301	0.0	25.0025100708
20161025	0.0	31872.0	0.0	1479.0	0.0	0.0	0.0	0.0	0.0	2.9405002594	0.842527151108	0.0	25.3760280609
20161026	0.0	32674.0	0.0	1474.0	0.0	0.0	0.0	0.0	0.0	2.92537307739	0.844411432743	0.0	25.2368755341
20161027	0.0	33261.0	0.0	1475.0	0.0	0.0	0.0	0.0	0.0	2.97152543068	0.800151288509	121.325340271	25.1551933289
20161028	0.0	32583.0	0.0	1473.0	0.0	0.0	0.0	0.0	0.0	3.04752206802	0.881909012794	6.76032584579e-07	24.3117294312
20161029	0.0	32443.0	0.0	1472.0	0.0	0.0	0.0	0.0	0.0	3.00543475151	0.912181138992	158.885864258	24.1937446594
20161030	0.0	32337.0	0.0	1473.0	0.0	0.0	0.0	0.0	0.0	3.05566859245	0.813813328743	18.757648468	24.52202034
20161031	0.0	33726.0	0.0	1470.0	0.0	0.0	0.0	0.0	0.0	3.0421769619	0.915672898293	1.03976244259e-32	23.6367015839
20161101	0.0	33476.0	0.0	1470.0	0.0	0.0	0.0	0.0	0.0	3.21292519569	0.796104133129	131.242355347	25.1731014252
20161102	0.0	33284.0	0.0	1475.0	0.0	0.0	0.0	0.0	0.0	3.060338974	0.787908911705	0.0	25.2378883362
20161103	0.0	32765.0	0.0	1473.0	0.0	0.0	0.0	0.0	0.0	3.05159544945	0.857764959335	0.0	24.9082679749
20161104	0.0	33141.0	0.0	1474.0	0.0	0.0	0.0	0.0	0.0	2.92198085785	0.851776599884	0.0	25.2799167633
20161105	0.0	33909.0	0.0	1474.0	0.0	0.0	0.0	0.0	0.0	2.98507452011	0.878094375134	0.0	25.0099964142
20161106	0.0	34486.0	0.0	1475.0	0.0	0.0	0.0	0.0	0.0	3.11728811264	0.860076904297	0.0	25.1450481415
20161107	0.0	33922.0	0.0	1476.0	0.0	0.0	0.0	0.0	0.0	3.18699193001	0.808694899082	0.0	24.9602527618
20161108	0.0	33323.0	0.0	1474.0	0.000678426062223	0.000678426062223	0.0	0.0	0.000446389603894	3.14246940613	0.872869491577	0.0	24.2699718475
20161109	0.0	32913.0	0.0	1478.0	0.000676589959767	0.000676589959767	0.0	0.0	0.000269395066425	3.05209732056	0.856462478638	0.0	24.6959514618
20161110	0.0	32261.0	0.0	1479.0	0.0	0.0	0.0	0.0	0.0	2.99053406715	0.832110226154	0.0	24.7393016815
20161111	0.0	31855.0	0.0	1478.0	0.0	0.0	0.0	0.0	0.0	2.94587278366	0.930115044117	0.0	22.3742332458
20161112	0.0	31722.0	0.0	1475.0	0.0	0.0	0.0	0.0	0.0	2.99050855637	0.172082439065	0.0	24.2624397278
20161113	0.0	31641.0	0.0	1475.0	0.000677966105286	0.000677966105286	0.0	0.0	4.15881868321e-06	2.90508460999	0.72542989254	0.0	25.7642040253
20161114	0.0	31205.0	0.0	1473.0	0.000678886601236	0.0	0.0	0.0	3.160542974e-06	2.96401906013	0.769732236862	0.0	24.8795795441
20161115	0.0	31448.0	0.0	1476.0	0.00203252024949	0.000677506788634	0.0	0.0	2.0454166588e-05	2.8753387928	0.857322335243	196.401168823	24.383140564
20161116	0.0	31174.0	0.0	1477.0	0.00135409610812	0.0	0.0	0.0	2.86335671262e-06	2.90115094185	0.746674954891	262.484710693	26.0824642181
20161117	0.0	32208.0	0.0	1473.0	0.0	0.0	0.0	0.0	0.0	2.93482685089	0.840716302395	0.0	23.9348716736
20161118	0.0	31911.0	0.0	1474.0	0.0	0.0	0.0	0.0	0.0	2.96336507797	0.891069054604	0.0	22.3552703857
20161119	0.0	31932.0	0.0	1475.0	0.0	0.0	0.0	0.0	0.0	2.93355917931	0.923849582672	0.0	21.9388122559
20161120	0.0	32034.0	0.0	1477.0	0.0	0.0	0.0	0.0	0.0	2.92484760284	0.755398750305	0.0	23.447347641
20161121	0.0	31427.0	0.0	1476.0	0.0	0.0	0.0	0.0	0.0	2.98780488968	0.787132441998	0.0	23.7491188049
20161122	0.0	25359.0	0.0	1477.0	0.0	0.0	0.0	0.0	0.0	2.8598511219	0.887419462204	0.0	21.9289207458
20161123	0.0	25789.0	0.0	1476.0	0.0	0.0	0.0	0.0	0.0	2.32384824753	0.829389333725	0.0	23.23295784
20161124	0.0	26025.0	0.0	1476.0	0.0	0.0	0.0	0.0	0.0	2.37195134163	0.880592286587	216.189956665	22.6197566986
20161125	0.0	25977.0	0.0	1477.0	0.0	0.0	0.0	0.0	0.0	2.42654013634	0.765884101391	0.0	22.2335910797
20161126	0.0	26018.0	0.0	1477.0	0.0	0.0	0.0	0.0	0.0	2.3615436554	0.782425522804	0.0	22.3130741119
20161127	0.0	24954.0	0.0	1474.0	0.0	0.0	0.0	0.0	0.0	2.42537307739	0.782358288765	0.0	22.2703094482
20161128	0.0	20901.0	0.0	1476.0	0.000677506788634	0.0	0.0	0.0	8.04596538728e-07	2.30555558205	0.780453324318	0.0	22.7003059387
20161129	0.0	21371.0	0.0	1472.0	0.000679347838741	0.0	0.0	0.0	6.15841543095e-07	1.95448362827	0.814639747143	0.0	23.3262386322
20161130	0.0	21799.0	0.0	1472.0	0.000679347838741	0.0	0.0	0.0	4.66830016421e-07	1.94021737576	0.841136991978	0.0	23.7588005066
20161201	0.0	22208.0	0.0	1476.0	0.0	0.0	0.0	0.0	0.0	2.04336047173	0.814874887466	0.0	23.913143158
20161202	0.0	22505.0	0.0	1478.0	0.0	0.0	0.0	0.0	0.0	2.07374835014	0.837526500225	0.0	23.2693481445
20161203	0.0	21757.0	0.0	1477.0	0.0	0.0	0.0	0.0	0.0	2.06635069847	0.817892849445	0.0	23.0537567139
20161204	0.0	21720.0	0.0	1477.0	0.0	0.0	0.0	0.0	1.80009868123e-10	2.0033853054	0.773463189602	0.0	23.0893993378
20161205	0.0	21861.0	0.0	1473.0	0.0	0.0	0.0	0.0	0.0	1.99321115017	0.79562497139	0.0	22.8660469055
20161206	0.0	17637.0	0.0	1471.0	0.0	0.0	0.0	0.0	0.0	2.05982327461	0.772286295891	0.0	23.1610813141
20161207	0.0	19193.0	0.0	1470.0	0.0	0.0	0.0	0.0	0.0	1.65510201454	0.783522903919	0.0	23.0721912384
20161208	0.0	20363.0	0.0	1472.0	0.0	0.0	0.0	0.0	0.0	1.73641312122	0.820679247379	0.0	22.6892528534
20161209	0.0	20317.0	0.0	1472.0	0.0	0.0	0.0	0.0	0.0	1.86548912525	0.814005315304	0.0	23.2082901001
20161210	0.0	20544.0	0.0	1470.0	0.0	0.0	0.0	0.0	0.0	1.89115643501	0.806335628033	0.0	23.6649265289
20161211	0.0	20825.0	0.0	1471.0	0.0	0.0	0.0	0.0	0.0	1.91298437119	0.840779840946	0.0	23.4274024963
20161212	0.0	19959.0	0.0	1470.0	0.0	0.0	0.0	0.0	0.0	1.95578229427	0.844815433025	0.0	23.2325839996
20161213	0.0	20148.0	0.0	1473.0	0.0	0.0	0.0	0.0	0.0	1.84046173096	0.823373556137	0.0	23.4065074921
20161214	0.0	20300.0	0.0	1474.0	0.0	0.0	0.0	0.0	0.0	1.85753059387	0.808825671673	0.0	23.416217804
20161215	0.0	20199.0	0.0	1472.0	0.0	0.0	0.0	0.0	0.0	1.90217399597	0.83459842205	0.0	21.6857299805
20161216	0.0	20989.0	0.0	1474.0	0.0	0.0	0.0	0.0	0.0	1.83107185364	0.672514736652	0.0	21.1229743958
20161217	0.0	20503.0	0.0	1471.0	0.0	0.0	0.0	0.0	0.0	1.99524128437	0.878171801567	0.0	22.2129402161
20161218	0.0	19950.0	0.0	1472.0	0.0	0.0	0.0	0.0	0.0	1.88586950302	0.858244299889	0.0	22.5775489807
20161219	0.0	19812.0	0.0	1471.0	0.0	0.0	0.0	0.0	0.0	1.86811697483	0.812641322613	0.0	22.9321060181
20161220	0.0	19794.0	0.0	1473.0	0.0	0.0	0.0	0.0	0.0	1.85879158974	0.75868922472	0.0	23.1456222534
20161221	0.0	19719.0	0.0	1472.0	0.0	0.0	0.0	0.0	0.0	1.83831524849	0.77986228466	0.0	23.2088928223
20161222	0.0	19654.0	0.0	1474.0	0.0	0.0	0.0	0.0	0.0	1.86635005474	0.814711391926	0.0	22.769323349
20161223	0.0	19548.0	0.0	1476.0	0.0	0.0	0.0	0.0	0.0	1.80013549328	0.83276361227	0.0	22.7012386322
20161224	0.0	19465.0	0.0	1473.0	0.0	0.0	0.0	0.0	0.0	1.83231496811	0.792685449123	0.0	22.4537296295
20161225	0.0	19359.0	0.0	1472.0	0.0	0.0	0.0	0.0	0.0	1.72690224648	0.805380582809	0.0	22.7065105438
20161226	0.0	18674.0	0.0	1471.0	0.0	0.0	0.0	0.0	0.0	1.72603678703	0.691513717175	0.0	22.3214931488
20161227	0.0	18907.0	0.0	1474.0	0.0	0.0	0.0	0.0	0.0	1.7177747488	0.803131937981	0.0	22.0788440704
20161228	0.0	19024.0	0.0	1475.0	0.0	0.0	0.0	0.0	0.0	1.73559319973	0.872694015503	0.0	21.8756847382
